848.096717	0.144897	-0.163010	-0.996170
848.196857	0.000000	-0.108673	-1.068619
848.296928	0.108673	-0.144897	-1.050507
848.397102	0.072449	-0.144897	-1.068619
848.497230	0.090561	-0.181122	-1.032394
848.597360	0.144897	-0.199234	-0.978058
848.697472	0.054337	-0.181122	-1.032394
848.797580	0.072449	-0.199234	-1.050507
848.897714	0.108673	-0.163010	-1.050507
848.997853	0.108673	-0.163010	-0.996170
849.097912	0.144897	-0.126785	-0.887497
849.198079	0.126785	-0.126785	-1.213516
849.298148	0.289795	0.036224	-0.670151
849.398288	0.543365	0.108673	-0.579590
849.498456	0.398468	0.217346	-1.086731
849.598575	0.525253	0.724487	-1.358414
849.698700	0.670151	0.561478	-1.122955
849.798816	0.670151	0.923721	-1.322189
849.898851	0.706375	0.688263	-0.833160
849.999075	0.452805	0.742599	-0.688263
850.099196	0.072449	0.507141	-1.485199
850.199314	0.289795	0.507141	-0.525253
850.299445	0.181122	0.833160	-0.706375
850.399557	-0.108673	1.267853	-0.199234
850.499696	0.018112	1.050507	-0.108673
850.599765	0.018112	0.579590	-0.072449
850.699955	-0.144897	1.448975	0.144897
850.800081	0.163010	1.032394	-0.072449
850.900208	0.054337	1.050507	-0.090561
851.000355	0.072449	1.050507	-0.054337
851.100476	0.054337	1.014282	-0.090561
851.200593	0.181122	1.032394	-0.108673
851.300683	0.362244	0.905609	-0.199234
851.400858	0.688263	1.014282	-0.235458
851.500998	0.489029	0.887497	-0.144897
851.601099	0.543365	0.905609	-0.163010
851.701204	0.525253	0.887497	-0.199234
851.801295	0.597702	0.833160	-0.144897
851.901401	0.561478	0.851273	-0.217346
852.001583	0.633926	0.869385	-0.144897
852.101691	0.670151	0.760712	-0.181122
852.201746	0.670151	0.760712	-0.271683
852.301920	0.489029	0.778824	-0.307907
852.402046	0.615814	1.032394	-0.072449
852.502166	0.507141	0.905609	-0.253571
852.602288	0.470917	0.869385	-0.090561
852.702420	0.416580	0.778824	0.036224
852.802532	0.072449	0.869385	-0.072449
852.902663	0.289795	0.561478	-0.271683
853.002795	0.543365	0.923721	-0.253571
853.102917	0.470917	0.833160	-0.362244
853.203035	0.507141	0.905609	-0.398468
853.303159	0.470917	0.869385	-0.344131
853.403291	0.543365	0.833160	-0.470917
853.503008	0.489029	0.941833	-0.434692
853.603477	0.579590	0.869385	-0.344131
853.703490	0.543365	0.815048	-0.398468
853.803707	0.525253	0.670151	-0.561478
853.903835	0.670151	0.760712	-0.543365
854.005213	0.670151	0.724487	-0.579590
854.104037	0.434692	1.195404	-0.344131
854.204154	0.362244	0.887497	-0.144897
854.304269	0.326019	0.869385	-0.108673
854.404396	0.416580	0.869385	-0.344131
854.504519	0.362244	0.760712	-0.344131
854.604670	0.271683	0.978058	-0.507141
854.704788	0.271683	0.996170	-0.398468
854.804873	0.543365	0.652039	-0.072449
854.904972	0.996170	2.318359	-0.561478
855.005066	0.489029	0.525253	-0.271683
855.105238	0.144897	0.652039	-0.289795
855.205354	0.525253	0.543365	-0.525253
855.305475	0.905609	0.851273	-0.778824
855.405618	0.090561	0.724487	-0.217346
855.505749	0.398468	0.724487	-0.253571
855.605858	0.543365	0.670151	-0.253571
855.705992	0.525253	0.706375	-0.235458
855.806104	0.271683	0.633926	-0.507141
855.906239	0.434692	0.851273	-0.525253
856.006349	0.434692	1.430862	-0.108673
856.106462	0.851273	0.760712	-0.163010
856.206572	0.362244	0.579590	-0.416580
856.306675	0.289795	0.525253	-0.434692
856.406802	1.014282	0.742599	-0.760712
856.506854	0.615814	1.539536	-0.380356
856.607047	0.959946	1.014282	-0.362244
856.707173	0.398468	0.688263	-0.742599
856.807274	0.561478	0.561478	-0.380356
856.907356	0.380356	0.706375	-0.525253
857.007539	0.489029	0.941833	-0.507141
857.107663	0.452805	0.778824	0.090561
857.207765	0.959946	0.851273	-0.072449
857.307899	0.326019	0.543365	-0.307907
857.408026	0.380356	0.543365	-0.380356
857.508169	0.869385	0.652039	-0.978058
857.608275	0.996170	1.485199	-0.108673
857.708413	0.905609	1.304077	-0.543365
857.808513	0.489029	0.561478	-0.434692
857.908649	0.688263	0.489029	-0.470917
858.008776	0.561478	0.742599	-0.362244
858.108927	0.489029	0.796936	-0.380356
858.209017	0.652039	0.271683	0.000000
858.289593	1.811218	2.064789	-1.231628
858.409266	0.615814	0.416580	-0.344131
858.509398	0.253571	0.543365	-0.398468
858.609515	1.159180	0.307907	-1.122955
858.709640	1.177292	1.738770	-0.217346
858.809750	0.833160	1.141068	-0.434692
858.909881	0.271683	0.833160	-0.688263
859.009980	0.452805	0.525253	-0.470917
859.110174	0.543365	0.543365	-0.561478
859.210168	0.452805	0.923721	-0.470917
859.310338	0.434692	0.652039	0.018112
859.411013	1.014282	0.923721	0.108673
859.510603	0.470917	0.543365	-0.163010
859.610733	0.289795	0.543365	-0.398468
859.710828	0.941833	0.760712	-0.833160
859.810900	0.688263	1.720657	-0.326019
859.911047	1.213516	0.815048	-0.434692
860.011131	0.507141	0.742599	-0.887497
860.111856	0.561478	0.597702	-0.289795
860.211435	0.398468	0.796936	-0.615814
860.311485	0.470917	0.887497	-0.452805
860.411644	0.416580	1.159180	-0.108673
860.511783	0.742599	0.688263	0.000000
860.611916	0.416580	0.507141	-0.525253
860.712029	0.307907	0.470917	-0.416580
860.812146	1.032394	0.489029	-0.688263
860.912567	0.344131	1.141068	-0.362244
861.012413	0.724487	0.815048	-0.398468
861.112524	0.724487	0.796936	-0.416580
861.212653	0.670151	0.760712	-0.380356
861.312753	0.271683	0.597702	-0.543365
861.412915	0.724487	0.362244	-0.289795
861.512794	0.452805	2.155350	-0.289795
861.613069	0.724487	0.525253	-0.144897
861.713240	0.199234	0.543365	-0.507141
861.813360	0.380356	0.380356	-0.452805
861.913502	0.887497	0.706375	-0.815048
862.013599	0.181122	0.923721	-0.289795
862.113757	0.489029	0.724487	-0.380356
862.213877	0.597702	0.796936	-0.434692
862.313989	0.706375	0.633926	-0.398468
862.414696	0.199234	0.543365	-0.489029
862.514197	0.760712	0.199234	-0.181122
862.614360	0.923721	2.318359	-0.670151
862.714438	0.706375	0.398468	-0.072449
862.814855	0.163010	0.615814	-0.470917
862.914723	0.579590	0.235458	-0.579590
863.014856	0.851273	0.525253	-0.978058
863.114982	0.163010	1.068619	-0.126785
863.215103	0.271683	0.706375	-0.398468
863.315314	0.724487	0.633926	-0.018112
863.415492	0.760712	0.760712	-0.507141
863.515440	0.289795	0.652039	-0.307907
863.615518	0.778824	0.271683	-0.036224
863.707988	1.811218	2.191574	-1.014282
863.815924	0.507141	0.344131	-0.235458
863.915914	0.054337	0.579590	-0.362244
864.016049	1.448975	0.217346	-0.959946
864.116184	0.996170	1.141068	-0.344131
864.216256	0.724487	1.213516	-0.289795
864.316425	0.271683	0.706375	-0.326019
864.416314	0.489029	0.507141	-0.235458
864.516641	0.670151	0.706375	-0.525253
864.617725	0.489029	0.978058	-0.434692
864.716864	0.416580	0.489029	-0.036224
864.816930	1.195404	1.249741	-0.253571
864.917008	0.597702	0.398468	-0.235458
865.017178	0.271683	0.561478	-0.344131
865.117313	1.503311	0.217346	-1.050507
865.217386	1.249741	1.503311	-0.144897
865.317565	0.670151	1.557648	-0.452805
865.417676	0.271683	0.670151	-0.470917
865.517806	0.434692	0.434692	-0.289795
865.617923	0.452805	0.724487	-0.507141
865.718056	0.416580	1.068619	-0.525253
865.818127	0.470917	0.978058	-0.018112
865.918282	1.086731	0.670151	0.144897
866.018380	0.217346	0.561478	-0.597702
866.118496	0.398468	0.470917	-0.434692
866.218687	0.905609	0.778824	-0.796936
866.318793	0.380356	1.285965	-0.489029
866.418922	1.213516	0.923721	-0.398468
866.519046	0.543365	0.796936	-0.996170
866.619172	0.344131	0.670151	-0.253571
866.719281	0.362244	0.525253	-0.452805
866.819408	0.525253	0.796936	-0.489029
866.919521	0.489029	1.630096	-0.072449
867.019651	0.778824	0.724487	0.416580
867.119780	0.326019	0.489029	-0.416580
867.219893	0.416580	0.452805	-0.489029
867.320009	1.086731	0.760712	-0.670151
867.420188	0.126785	1.014282	-0.199234
867.520302	0.778824	0.688263	-0.326019
867.620487	0.633926	0.815048	-0.724487
867.720562	0.489029	0.724487	-0.326019
867.820683	0.416580	0.507141	-0.543365
867.920828	0.470917	0.923721	-0.452805
868.020926	0.525253	1.992340	-0.144897
868.121058	0.742599	0.362244	-0.072449
868.221198	0.090561	0.597702	-0.470917
868.321269	0.525253	0.398468	-0.525253
868.421383	0.959946	0.452805	-0.796936
868.521487	0.235458	1.159180	-0.362244
868.621664	0.670151	0.978058	-0.470917
868.721782	0.615814	0.615814	-0.561478
868.821841	0.652039	0.652039	-0.362244
868.922009	0.344131	0.652039	-0.470917
869.022136	0.742599	0.597702	-0.543365
869.122265	0.615814	2.300247	-0.217346
869.222378	0.724487	0.434692	-0.018112
869.322450	0.108673	0.652039	-0.470917
869.422626	0.561478	0.326019	-0.579590
869.522797	0.778824	0.307907	-1.068619
869.622871	-0.018112	0.996170	-0.181122
869.722978	0.289795	0.778824	-0.362244
869.823106	0.615814	0.561478	-0.326019
869.923166	0.652039	0.688263	-0.489029
870.023314	0.344131	0.778824	-0.416580
870.123474	0.652039	0.199234	-0.072449
870.223586	2.300247	2.010452	-0.941833
870.323712	0.434692	0.380356	0.072449
870.423845	0.090561	0.615814	-0.380356
870.523959	1.177292	-0.054337	-0.978058
870.624096	1.376526	1.611984	-0.307907
870.724212	0.887497	1.412750	-0.253571
870.824292	0.398468	0.615814	-0.833160
870.924462	0.615814	0.489029	-0.380356
871.024580	0.489029	0.706375	-0.489029
871.124711	0.489029	1.014282	-0.452805
871.224839	0.380356	0.289795	0.090561
871.324956	1.177292	1.104843	-0.307907
871.425085	0.561478	0.398468	-0.253571
871.525197	0.307907	0.597702	-0.398468
871.625333	1.177292	0.307907	-0.959946
871.725168	1.503311	1.829330	-0.398468
871.825576	0.778824	1.159180	-0.344131
871.925701	0.181122	0.724487	-0.561478
872.025830	0.633926	0.489029	-0.271683
872.125942	0.525253	0.670151	-0.525253
872.226071	0.507141	1.032394	-0.452805
872.326200	0.326019	0.742599	-0.126785
872.426329	0.996170	0.778824	0.163010
872.526428	0.344131	0.489029	-0.452805
872.626555	0.271683	0.579590	-0.434692
872.726665	1.050507	0.760712	-0.887497
872.826740	0.362244	1.068619	-0.507141
872.926906	1.195404	0.778824	-0.398468
873.027035	0.615814	0.670151	-0.869385
873.127154	0.489029	0.633926	-0.326019
873.227274	0.235458	0.507141	-0.543365
873.327407	0.416580	0.887497	-0.507141
873.427523	0.670151	1.829330	-0.271683
873.527631	0.489029	0.452805	-0.235458
873.628840	0.326019	0.652039	-0.470917
873.727885	0.543365	0.271683	-0.543365
873.828018	0.869385	0.434692	-0.941833
873.928134	0.108673	1.068619	-0.289795
874.028265	0.380356	0.941833	-0.271683
874.128338	0.597702	0.452805	-0.398468
874.228502	0.851273	0.706375	-0.416580
874.328573	0.344131	0.688263	-0.470917
874.429772	0.652039	0.253571	-0.144897
874.511771	1.956116	2.064789	-0.833160
874.628961	0.543365	0.344131	-0.163010
874.729134	0.090561	0.633926	-0.398468
874.829267	1.195404	0.054337	-0.905609
874.929390	0.887497	0.652039	-0.271683
875.029514	0.742599	1.014282	-0.326019
875.129633	0.289795	0.778824	-0.362244
875.229761	0.670151	0.452805	-0.380356
875.329881	0.706375	0.652039	-0.416580
875.430048	0.416580	1.014282	-0.561478
875.530176	0.344131	0.543365	0.000000
875.630272	1.267853	0.996170	-0.054337
875.730414	0.217346	0.416580	-0.452805
875.830518	0.452805	0.615814	-0.253571
875.930645	1.141068	0.036224	-0.815048
876.030808	1.195404	1.684433	-0.380356
876.130939	0.742599	1.014282	-0.289795
876.231028	0.380356	0.742599	-0.742599
876.331062	0.778824	0.525253	-0.434692
876.431276	0.597702	0.760712	-0.452805
876.531315	0.416580	0.996170	-0.470917
876.631440	0.235458	0.706375	-0.217346
876.732147	0.996170	0.670151	0.126785
876.831681	0.289795	0.489029	-0.597702
876.931773	0.362244	0.507141	-0.362244
877.031901	0.887497	0.742599	-0.724487
877.132031	0.434692	1.159180	-0.344131
877.232160	0.688263	0.851273	-0.416580
877.332223	0.398468	0.706375	-0.507141
877.432373	0.742599	0.633926	-0.253571
877.532498	0.452805	0.489029	-0.507141
877.632652	0.597702	0.941833	-0.561478
877.732762	0.615814	1.865555	-0.199234
877.832895	0.851273	0.452805	-0.090561
877.932996	0.235458	0.597702	-0.561478
878.033134	0.452805	0.452805	-0.326019
878.133252	1.032394	0.615814	-0.778824
878.233373	0.199234	0.923721	-0.344131
878.333509	0.597702	1.032394	-0.344131
878.433600	0.670151	0.652039	-0.416580
878.533586	0.670151	0.742599	-0.253571
878.633859	0.181122	0.525253	-0.470917
878.733937	0.742599	0.959946	-0.525253
878.834055	0.416580	1.448975	-0.199234
878.934223	0.706375	0.525253	0.144897
879.034348	0.307907	0.633926	-0.579590
879.134576	0.380356	0.525253	-0.434692
879.234551	0.923721	0.579590	-0.796936
879.334647	0.815048	1.159180	-0.217346
879.434776	0.815048	1.159180	-0.380356
879.534920	0.380356	0.887497	-0.271683
879.635035	0.815048	0.489029	-0.289795
879.735177	0.543365	0.706375	-0.452805
879.835287	0.398468	1.014282	-0.652039
879.935410	0.905609	0.706375	-0.362244
880.035542	0.543365	0.905609	-0.307907
880.135660	0.561478	0.597702	-0.416580
880.235736	0.742599	0.706375	-0.289795
880.335912	0.525253	0.652039	-0.344131
880.436016	0.923721	0.615814	-0.362244
880.536191	0.706375	0.706375	-0.416580
880.636282	0.796936	0.615814	-0.090561
880.736414	0.670151	0.760712	-0.072449
880.836535	0.579590	0.851273	-0.344131
880.936583	0.543365	0.760712	-0.253571
881.036778	0.670151	0.778824	-0.307907
881.136850	0.633926	0.796936	-0.362244
881.237014	0.724487	0.796936	-0.307907
881.337137	0.507141	0.815048	-0.362244
881.437259	0.507141	0.760712	-0.326019
881.537371	0.778824	0.833160	-0.217346
881.637522	0.724487	0.851273	-0.416580
881.737643	0.688263	0.706375	-0.289795
881.837763	0.597702	0.833160	-0.326019
881.937872	0.380356	0.851273	-0.072449
882.038013	0.615814	0.833160	-0.126785
882.138126	0.615814	0.724487	-0.217346
882.238245	0.652039	0.887497	-0.235458
882.338358	0.615814	0.869385	-0.199234
882.438496	0.724487	0.905609	-0.271683
882.538613	0.525253	0.851273	-0.271683
882.638758	0.543365	0.941833	-0.181122
882.738874	0.489029	0.959946	-0.217346
882.838999	0.561478	1.014282	-0.072449
882.939106	0.199234	0.996170	-0.235458
883.038979	0.072449	0.905609	-0.452805
883.139333	0.489029	1.104843	-0.507141
883.239439	0.452805	0.742599	-0.597702
883.339575	0.380356	0.507141	-0.833160
883.439677	0.108673	0.670151	-0.851273
883.539800	0.253571	0.525253	-0.869385
883.639958	0.344131	0.326019	-0.959946
883.740077	0.253571	0.144897	-0.996170
883.840189	0.144897	0.144897	-1.104843
883.940406	0.253571	-0.090561	-1.050507
884.040464	0.072449	-0.126785	-0.978058
884.140594	0.090561	-0.235458	-1.050507
884.240682	0.090561	-0.199234	-0.996170
884.340789	0.108673	-0.217346	-1.032394
884.440978	0.126785	-0.235458	-1.014282
884.541048	0.144897	-0.253571	-0.996170
884.641259	0.108673	-0.199234	-0.996170
884.741334	0.126785	-0.163010	-1.032394
884.841457	0.144897	-0.181122	-1.068619
884.941415	0.144897	-0.199234	-1.014282
885.041692	0.144897	-0.199234	-1.050507
885.141780	0.126785	-0.199234	-1.032394
885.241852	0.126785	-0.199234	-0.996170
885.342021	0.126785	-0.181122	-1.032394
885.442145	0.108673	-0.181122	-1.032394
885.542325	0.126785	-0.199234	-1.032394
885.642397	0.181122	-0.163010	-1.014282
885.742510	0.126785	-0.163010	-1.032394
885.842625	0.126785	-0.181122	-0.978058
885.942755	0.144897	-0.181122	-1.050507
886.042903	0.126785	-0.181122	-1.032394
886.143004	0.144897	-0.181122	-1.032394
886.243129	0.126785	-0.181122	-1.032394
886.343256	0.108673	-0.181122	-1.050507
886.443459	0.126785	-0.144897	-1.050507
886.543491	0.126785	-0.199234	-1.050507
886.643623	0.163010	-0.163010	-1.014282
886.743747	0.163010	-0.126785	-1.050507
886.856281	0.144897	-0.126785	-1.032394
886.943953	0.163010	-0.199234	-1.122955