891.199989	0.018112	-0.163010	-1.032394
891.223758	0.018112	-0.163010	-1.032394
891.243461	0.036224	-0.199234	-1.032394
891.260910	-0.018112	-0.163010	-1.050507
891.289288	0.018112	-0.181122	-1.014282
891.318690	0.018112	-0.199234	-1.068619
891.346271	0.036224	-0.199234	-1.068619
891.365076	0.018112	-0.181122	-1.068619
891.385247	0.036224	-0.217346	-1.050507
891.412465	0.054337	-0.217346	-1.032394
891.434915	0.054337	-0.181122	-0.978058
891.460855	0.072449	-0.144897	-1.014282
891.489703	0.072449	-0.126785	-1.014282
891.509276	0.054337	-0.108673	-1.032394
891.523084	0.018112	-0.144897	-1.032394
891.534917	0.036224	-0.163010	-0.996170
891.555665	0.054337	-0.217346	-1.014282
891.591908	0.108673	-0.235458	-0.941833
891.622387	0.108673	-0.199234	-0.959946
891.648366	0.108673	-0.163010	-0.959946
891.660183	0.090561	-0.217346	-0.869385
891.687555	0.108673	-0.144897	-0.905609
891.715479	0.090561	-0.163010	-0.905609
891.747077	0.036224	-0.507141	-0.670151
891.766563	0.054337	-0.289795	-0.996170
891.779596	0.108673	-0.253571	-1.032394
891.792472	0.217346	-0.271683	-1.104843
891.810980	0.126785	-0.271683	-1.032394
891.839236	0.000000	-0.307907	-1.014282
891.863668	-0.018112	-0.289795	-0.996170
891.894603	-0.036224	-0.326019	-1.014282
891.924930	-0.018112	-0.326019	-1.032394
891.951852	0.072449	-0.326019	-0.959946
891.978026	0.344131	-0.199234	-0.742599
892.007595	0.217346	-0.217346	-0.959946
892.026668	0.126785	-0.072449	-0.887497
892.048814	0.181122	0.036224	-0.815048
892.063137	0.271683	0.036224	-0.724487
892.095861	0.307907	0.090561	-0.760712
892.124693	0.326019	0.163010	-0.652039
892.156166	0.380356	0.181122	-0.633926
892.196985	0.470917	0.199234	-0.633926
892.214595	0.434692	0.144897	-0.851273
892.241908	0.525253	0.344131	-1.141068
892.272852	0.597702	0.380356	-1.195404
892.295626	0.561478	0.507141	-1.358414
892.307815	0.706375	0.470917	-1.376526
892.367960	0.724487	0.470917	-1.394638
892.390776	0.796936	0.434692	-1.412750
892.418675	0.869385	0.398468	-1.448975
892.448639	0.869385	0.398468	-1.376526
892.474771	0.815048	0.398468	-0.887497
892.493129	0.778824	0.398468	-0.760712
892.512112	0.760712	0.398468	-0.724487
892.526734	0.724487	0.470917	-0.778824
892.539226	0.742599	0.507141	-0.724487
892.552506	0.742599	0.489029	-0.688263
892.598761	0.688263	0.434692	-0.887497
892.628145	0.652039	0.507141	-0.398468
892.658258	0.633926	0.579590	-0.307907
892.689660	0.543365	0.543365	-0.434692
892.731649	0.380356	0.615814	-0.760712
892.752042	0.362244	0.434692	-0.543365
892.769298	0.380356	0.615814	-0.579590
892.782761	0.525253	1.267853	-0.796936
892.797112	0.597702	1.213516	-0.742599
892.811492	0.652039	1.068619	-0.543365
892.844735	0.633926	1.014282	-0.416580
892.875015	0.597702	0.959946	-0.416580
892.901661	0.507141	1.014282	-0.615814
892.930147	0.344131	1.104843	-0.851273
892.957253	0.434692	1.322189	-0.380356
892.977612	0.362244	0.507141	-0.307907
892.998654	0.561478	0.380356	-0.434692
893.014110	0.597702	0.416580	-0.416580
893.027449	0.579590	0.434692	-0.398468
893.046267	0.199234	0.760712	-0.724487
893.092177	0.217346	0.815048	-0.507141
893.124360	0.362244	0.851273	-0.235458
893.158720	0.615814	0.833160	-0.126785
893.191675	0.615814	0.833160	-0.090561
893.218392	0.362244	1.122955	0.199234
893.248031	0.235458	1.086731	-0.036224
893.277410	0.199234	1.141068	-0.235458
893.308335	0.398468	1.122955	-0.126785
893.341671	0.271683	0.941833	0.054337
893.375822	0.181122	1.086731	-0.253571
893.397924	0.181122	1.141068	-0.470917
893.412262	0.199234	1.122955	-0.398468
893.431183	0.163010	1.104843	-0.253571
893.467490	0.126785	1.086731	-0.217346
893.488287	0.144897	0.978058	-0.126785
893.502425	0.217346	0.742599	-0.144897
893.516822	0.181122	0.561478	-0.199234
893.531760	0.144897	0.543365	-0.217346
893.547024	0.036224	0.543365	-0.326019
893.559993	-0.126785	0.652039	-0.416580
893.595929	-0.235458	0.670151	-0.344131
893.626146	-0.235458	0.724487	0.036224
893.651448	0.000000	0.706375	0.090561
893.681512	0.416580	0.543365	0.054337
893.710352	0.380356	0.470917	0.072449
893.744696	1.014282	2.191574	-0.652039
893.767438	1.467087	2.318359	-1.901779
893.794503	-0.796936	0.724487	-0.126785
893.842812	-0.181122	0.941833	-0.072449
893.873060	-0.217346	1.032394	-0.253571
893.914677	-0.181122	1.086731	-0.307907
893.936039	-0.144897	1.068619	-0.326019
893.963130	-0.144897	0.996170	-0.235458
893.989351	-0.126785	1.014282	-0.235458
894.000819	-0.126785	1.050507	-0.253571
894.027349	-0.144897	1.032394	-0.307907
894.046895	-0.199234	1.014282	-0.253571
894.063875	-0.253571	0.941833	-0.271683
894.095813	-0.271683	0.941833	-0.253571
894.129272	-0.235458	0.959946	-0.326019
894.150492	-0.235458	0.959946	-0.307907
894.168442	-0.217346	1.014282	-0.307907
894.191145	-0.181122	1.032394	-0.271683
894.216523	-0.181122	0.996170	-0.271683
894.243929	-0.163010	1.014282	-0.289795
894.265809	-0.163010	0.996170	-0.307907
894.283409	-0.181122	0.996170	-0.289795
894.312658	-0.144897	0.959946	-0.362244
894.346590	-0.181122	0.923721	-0.289795
894.377445	-0.163010	0.923721	-0.307907
894.406369	-0.181122	0.905609	-0.307907
894.430681	-0.144897	0.941833	-0.344131
894.451059	-0.144897	0.941833	-0.362244
894.473733	-0.144897	0.923721	-0.362244
894.498744	-0.090561	0.905609	-0.452805
894.526009	-0.108673	0.905609	-0.452805
894.550046	-0.108673	0.905609	-0.452805
894.568150	0.000000	0.959946	-0.470917
894.592716	0.018112	0.996170	-0.434692
894.619586	0.054337	1.014282	-0.434692
894.648987	0.036224	1.032394	-0.398468
894.677678	0.018112	0.996170	-0.398468
894.702922	-0.036224	1.068619	-0.434692
894.732384	-0.018112	1.122955	-0.579590
894.755475	-0.307907	1.285965	-0.362244
894.769192	-0.326019	0.978058	-0.271683
894.783574	-0.326019	0.887497	-0.271683
894.797935	-0.217346	0.778824	-0.271683
894.813971	-0.217346	0.760712	-0.271683
894.849516	-0.271683	0.760712	-0.235458
894.876370	-0.380356	0.869385	-0.253571
894.896914	-0.452805	0.941833	-0.271683
894.926936	-0.543365	1.032394	-0.253571
894.959285	-0.561478	1.014282	-0.217346
894.979830	-0.344131	0.941833	-0.163010
894.994754	-0.344131	0.941833	-0.126785
895.014853	-0.344131	0.778824	-0.235458
895.028238	-0.307907	0.778824	-0.271683
895.049514	-0.289795	0.796936	-0.326019
895.096294	-0.199234	1.104843	-0.036224
895.127433	-0.163010	1.068619	0.054337
895.160996	-0.217346	0.923721	-0.344131
895.193670	-0.271683	0.851273	-0.470917
895.231883	-0.344131	0.796936	-0.181122
895.263495	-0.398468	0.905609	-0.217346
895.289038	-0.507141	0.923721	-0.326019
895.303370	-0.489029	0.760712	-0.326019
895.362425	-0.543365	0.742599	-0.326019
895.398549	-0.579590	0.833160	-0.253571
895.419421	-0.760712	0.796936	-0.326019
895.447874	-0.742599	0.887497	-0.344131
895.483944	-0.253571	0.742599	0.199234
895.515633	-0.579590	0.778824	0.126785
895.537096	-1.195404	1.448975	-0.235458
895.563927	-0.923721	1.865555	-0.072449
895.586713	-0.652039	1.376526	-0.036224
895.614750	-0.489029	1.304077	-0.163010
895.643241	-0.289795	1.068619	-0.163010
895.678611	-0.253571	0.959946	-0.036224
895.701044	-0.181122	0.851273	0.253571
895.729392	0.054337	0.869385	0.181122
895.760681	-0.344131	0.434692	-0.307907
895.788473	-0.326019	0.434692	-0.326019
895.801761	-0.253571	0.470917	-0.326019
895.851829	-0.163010	0.470917	-0.344131
895.873441	0.289795	1.304077	-0.452805
895.893418	-0.018112	1.231628	-0.742599
895.910841	-0.253571	1.213516	-0.742599
895.922730	-0.289795	1.231628	-0.796936
895.935049	-0.090561	1.195404	-0.833160
895.949440	0.090561	1.122955	-0.796936
895.963810	0.126785	1.068619	-0.452805
895.978867	-0.072449	1.231628	-0.181122
895.992651	-0.615814	1.684433	-0.362244
896.011651	-0.851273	1.557648	-0.199234
896.035812	-0.923721	0.742599	-0.090561
896.050594	-0.923721	0.597702	-0.108673
896.064585	-0.724487	0.706375	-0.144897
896.095240	-0.615814	0.851273	-0.217346
896.126258	-0.452805	1.122955	-0.326019
896.159028	-0.326019	1.195404	-0.398468
896.197426	-0.380356	1.104843	-0.434692
896.223011	-0.362244	0.851273	-0.543365
896.241832	-0.380356	0.760712	-0.470917
896.251810	-0.434692	0.778824	-0.307907
896.266622	-0.344131	0.724487	-0.362244
896.280622	-0.235458	0.815048	-0.434692
896.294959	-0.235458	0.833160	-0.380356
896.311307	-0.253571	0.887497	-0.253571
896.362794	-0.253571	0.905609	-0.253571
896.376437	-0.253571	0.923721	-0.326019
896.399596	-0.326019	0.959946	-0.398468
896.429133	-0.326019	0.978058	-0.434692
896.457134	-0.307907	0.905609	-0.271683
896.498291	-0.543365	0.724487	-0.326019
896.520270	-0.633926	0.851273	-0.380356
896.547286	-0.126785	0.978058	-0.326019
896.569663	-0.163010	0.742599	0.054337
896.595325	-0.253571	0.724487	0.072449
896.624878	-0.579590	0.815048	0.000000
896.658837	-0.778824	1.050507	0.036224
896.699308	-1.267853	1.503311	-0.289795
896.719583	-1.322189	1.738770	-0.380356
896.747714	-1.050507	2.137238	-0.235458
896.770737	-0.126785	0.724487	-0.326019
896.784573	-0.217346	0.633926	-0.326019
896.799049	-0.362244	0.633926	-0.344131
896.814829	-0.271683	0.688263	-0.271683
896.835098	-0.181122	0.543365	-0.416580
896.848323	-0.307907	0.434692	-0.344131
896.870969	-0.380356	0.362244	-0.307907
896.885411	-0.289795	0.452805	-0.289795
896.899803	-0.235458	0.452805	-0.362244
896.914158	-0.108673	0.489029	-0.362244
896.928560	0.036224	0.615814	-0.452805
896.961504	0.072449	0.760712	-0.362244
896.978736	0.579590	1.412750	-0.833160
897.000498	-0.144897	1.412750	-0.796936
897.014894	-0.235458	1.231628	-0.597702
897.029249	-0.054337	1.104843	-0.579590
897.048675	0.054337	1.032394	-0.470917
897.080190	-0.688263	1.865555	-0.470917
897.101192	-0.978058	0.742599	-0.253571
897.115566	-1.032394	0.416580	-0.090561
897.129987	-0.959946	0.452805	-0.090561
897.147709	-0.688263	0.851273	-0.126785
897.179916	-0.633926	1.485199	-0.144897
897.225153	-0.434692	1.394638	-0.362244
897.264975	-0.434692	0.796936	-0.235458
897.283679	-0.489029	0.633926	-0.144897
897.310981	-0.507141	0.507141	0.054337
897.343162	-0.597702	0.543365	0.036224
897.374877	-0.271683	0.615814	-0.217346
897.398670	-0.398468	0.905609	-0.344131
897.417655	-0.362244	0.905609	-0.362244
897.432064	-0.380356	0.869385	-0.380356
897.453181	-0.398468	0.887497	-0.416580
897.481011	-0.380356	0.887497	-0.416580
897.502262	-0.434692	0.851273	-0.398468
897.530520	-0.434692	0.869385	-0.398468
897.550991	-0.434692	0.796936	-0.470917
897.576190	-0.398468	0.760712	-0.470917
897.612915	-0.724487	0.923721	-0.253571
897.631596	-0.253571	0.742599	-0.398468
897.648488	-0.090561	0.706375	-0.163010
897.664141	-0.380356	0.815048	0.036224
897.677553	-0.561478	0.941833	0.072449
897.710548	-1.068619	1.611984	0.163010
897.734466	-0.778824	1.974228	-0.362244
897.748835	-0.706375	1.756882	-0.144897
897.764386	-0.670151	1.394638	-0.163010
897.777987	-0.543365	1.231628	-0.090561
897.797423	-0.416580	0.905609	0.054337
897.845167	-0.253571	0.724487	-0.054337
897.878835	-0.235458	0.633926	-0.036224
897.911896	-0.181122	0.633926	-0.144897
897.945824	-0.217346	0.688263	-0.289795
897.968695	-0.217346	0.688263	-0.289795
897.985894	-0.217346	0.434692	-0.434692
898.001085	-0.144897	0.470917	-0.470917
898.017902	-0.054337	0.579590	-0.489029
898.036767	0.108673	1.177292	-0.326019
898.051166	0.452805	1.503311	-0.833160
898.095509	0.344131	1.485199	-0.941833
898.126057	-0.217346	1.340302	-0.959946
898.158268	-0.217346	1.213516	-0.815048
898.198026	0.307907	1.014282	-0.796936
898.219678	-1.267853	0.470917	-0.072449
898.246738	-0.796936	0.652039	0.000000
898.266525	-0.434692	1.050507	-0.090561
898.281585	-0.217346	1.104843	-0.507141
898.297642	-0.271683	1.050507	-0.489029
898.311459	-0.561478	0.887497	-0.307907
898.347591	-0.561478	0.815048	-0.090561
898.375121	-0.507141	0.724487	-0.036224
898.414439	-0.452805	0.670151	-0.018112
898.436160	-0.271683	0.778824	-0.181122
898.464640	-0.253571	0.869385	-0.217346
898.490210	-0.380356	0.923721	-0.344131
898.503935	-0.253571	0.996170	-0.416580
898.526200	-0.163010	0.941833	-0.307907
898.545188	-0.199234	0.923721	-0.289795
898.586434	-0.489029	0.724487	-0.362244
898.598088	-0.507141	0.688263	-0.470917
898.613800	-0.507141	0.652039	-0.434692
898.627444	-0.652039	0.742599	-0.362244
898.645552	-0.670151	0.851273	-0.344131
898.670088	-0.633926	0.941833	-0.434692
898.684472	-0.525253	0.923721	-0.434692
898.737371	-0.144897	0.887497	-0.489029
898.768562	0.018112	0.778824	-0.398468
898.797692	0.036224	0.724487	0.000000
898.828654	-0.126785	0.778824	0.144897
898.868556	-0.815048	1.611984	-0.217346
898.886066	-0.398468	1.358414	-0.090561
898.900352	-0.018112	0.905609	0.235458
898.915889	0.018112	0.815048	0.144897
898.929146	-0.036224	0.796936	-0.054337
898.959608	-0.271683	0.652039	-0.289795
898.979169	-0.398468	0.507141	-0.326019
899.001275	-0.326019	0.452805	-0.271683
899.016560	-0.416580	0.181122	-0.434692
899.029979	-0.362244	0.235458	-0.380356
899.048661	-0.235458	0.362244	-0.344131
899.093445	-0.126785	0.525253	-0.398468
899.125996	-0.090561	0.615814	-0.344131
899.165866	-0.072449	0.851273	-0.289795
899.186837	0.126785	1.412750	-0.543365
899.215096	0.307907	1.630096	-0.778824
899.246369	0.452805	1.503311	-0.815048
899.268691	-0.815048	0.688263	-0.253571
899.296387	-0.706375	0.615814	-0.126785
899.350824	-0.778824	1.141068	-0.108673
899.371011	-0.724487	1.412750	-0.344131
899.397519	-0.706375	1.448975	-0.434692
899.427573	-0.452805	1.304077	-0.398468
899.461707	-0.416580	0.815048	-0.344131
899.495880	-0.416580	0.652039	-0.199234
899.521108	-0.289795	0.670151	-0.362244
899.533798	-0.344131	0.815048	-0.199234
899.548523	-0.362244	0.869385	-0.235458
899.562600	-0.380356	0.923721	-0.271683
899.599335	-0.362244	0.941833	-0.326019
899.630369	-0.362244	1.032394	-0.344131
899.665485	-0.380356	0.978058	-0.344131
899.684363	-0.416580	0.851273	-0.416580
899.712153	-0.416580	0.851273	-0.452805
899.757368	-0.760712	0.905609	-0.289795
899.777140	-0.144897	0.796936	-0.398468
899.793350	0.090561	0.742599	-0.326019
899.813757	-0.144897	0.724487	0.072449
899.836503	-0.543365	0.941833	0.163010
899.865548	-1.557648	1.811218	0.000000
899.879258	-1.177292	1.974228	-0.271683
899.897468	-0.869385	2.082901	-0.126785
899.923573	-0.344131	1.322189	-0.072449
899.936816	-0.253571	1.159180	0.199234
899.952361	-0.072449	0.978058	0.434692
899.966551	0.036224	0.796936	0.434692
899.979981	0.036224	0.615814	0.090561
899.995351	-0.018112	0.579590	-0.181122
900.008775	-0.289795	0.525253	-0.452805
900.029448	-0.380356	0.489029	-0.362244
900.051932	-0.289795	0.507141	-0.398468
900.102455	-0.326019	0.416580	-0.398468
900.127769	-0.398468	0.199234	-0.326019
900.164504	-0.344131	0.235458	-0.307907
900.185848	-0.217346	0.380356	-0.307907
900.210832	-0.217346	0.452805	-0.344131
900.235104	-0.108673	1.521423	-0.525253
900.254325	-0.090561	1.304077	-0.742599
900.267955	-0.181122	1.249741	-0.181122
900.283494	-0.489029	1.611984	-0.199234
900.296794	-1.032394	1.720657	-0.489029
900.314115	-1.068619	1.141068	-0.181122
900.361781	-0.905609	0.507141	-0.072449
900.394207	-0.959946	0.398468	-0.090561
900.427477	-0.959946	0.507141	-0.036224
900.453138	-0.760712	0.923721	-0.054337
900.484962	-0.525253	0.489029	-0.036224
900.514400	-0.507141	0.489029	-0.163010
900.536241	-0.398468	0.905609	-0.181122
900.564065	-0.362244	0.760712	-0.271683
900.619158	-0.307907	0.724487	-0.253571
900.633554	-0.380356	0.724487	-0.217346
900.661983	-0.398468	0.851273	-0.271683
900.685398	-0.434692	0.923721	-0.525253
900.730724	-0.380356	0.905609	-0.452805
900.749592	-0.597702	0.652039	-0.452805
900.772260	-0.724487	0.796936	-0.289795
900.786801	-0.760712	0.905609	-0.326019
900.800602	-0.670151	0.959946	-0.452805
900.836169	-0.380356	0.742599	-0.434692
900.865894	-0.054337	0.724487	-0.525253
900.896183	0.126785	0.778824	-0.144897
900.927673	0.000000	0.815048	0.126785
900.962605	-0.561478	0.978058	0.199234
900.996009	-0.887497	1.122955	0.362244
901.049754	-0.271683	0.978058	0.072449
901.068695	0.090561	0.597702	0.018112
901.095675	-0.253571	0.543365	-0.380356
901.125986	-0.326019	0.543365	-0.326019
901.148865	-0.507141	0.289795	-0.344131
901.163272	-0.434692	0.416580	-0.271683
901.176011	-0.307907	0.489029	-0.289795
901.189212	-0.289795	0.470917	-0.326019
901.225086	-0.163010	0.579590	-0.344131
901.239061	-0.036224	1.141068	-0.398468
901.266189	0.652039	1.322189	-1.141068
901.296018	-0.090561	1.231628	-0.851273
901.351416	0.018112	1.177292	-0.633926
901.371029	-0.144897	1.177292	-0.271683
901.394375	-0.470917	1.448975	0.181122
901.422323	-1.122955	1.938004	-0.597702
901.453416	-1.267853	1.412750	-0.434692
901.472522	-0.615814	1.394638	-0.289795
901.497458	-0.398468	1.032394	-0.362244
901.520357	-0.489029	0.525253	-0.144897
901.534784	-0.470917	0.525253	-0.054337
901.549121	-0.507141	0.561478	-0.126785
901.580404	-0.434692	0.615814	-0.434692
901.599712	-0.307907	0.923721	-0.108673
901.621176	-0.398468	0.688263	-0.344131
901.635921	-0.344131	0.597702	-0.307907
901.650505	-0.326019	0.615814	-0.289795
901.665532	-0.452805	0.688263	-0.253571
901.678690	-0.470917	0.778824	-0.253571
901.708416	-0.489029	0.833160	-0.253571
901.721876	-0.434692	0.887497	-0.362244
901.742155	-0.434692	0.905609	-0.326019
901.768422	-0.307907	0.796936	-0.470917
901.780194	-0.344131	0.833160	-0.362244
901.796561	-0.380356	0.760712	-0.362244
901.808353	-0.470917	0.724487	-0.416580
901.849731	-0.561478	0.706375	-0.380356
901.881962	-0.778824	0.815048	-0.289795
901.913275	-0.833160	0.833160	-0.271683
901.946278	-0.851273	0.851273	-0.326019
901.977135	-0.344131	0.941833	0.144897
902.024865	-0.905609	1.430862	0.344131
902.054785	-0.815048	1.575760	-0.253571
902.087473	-0.380356	1.068619	0.054337
902.114412	-0.344131	0.959946	0.054337
902.139267	-0.144897	0.815048	0.054337
902.163999	-0.036224	0.742599	0.271683
902.197983	0.000000	0.652039	0.398468
902.219580	-0.108673	0.633926	-0.072449
902.248372	-0.470917	0.380356	-0.289795
902.278675	-0.344131	0.416580	-0.362244
902.299041	-0.199234	0.470917	-0.543365
902.312957	0.090561	0.978058	-0.217346
902.346679	0.615814	1.539536	-0.833160
902.378296	0.760712	1.412750	-1.195404
902.417497	-0.199234	1.213516	-0.833160
902.439104	-0.344131	1.231628	-0.525253
902.465680	0.090561	1.050507	-0.833160
902.496716	-1.521423	1.159180	-0.181122
902.518631	-0.579590	0.615814	-0.163010
902.533947	-0.597702	1.267853	-0.235458
902.548932	-0.507141	1.358414	-0.507141
902.598117	-0.434692	1.050507	-0.452805
902.618983	-0.760712	0.543365	-0.199234
902.649472	-0.362244	0.815048	-0.416580
902.671897	-0.452805	0.796936	-0.362244
902.686854	-0.452805	0.724487	-0.289795
902.732621	-0.507141	0.688263	-0.326019
902.764508	-0.326019	0.633926	-0.271683
902.795960	-0.362244	0.670151	-0.217346
902.819723	-0.416580	0.833160	-0.253571
902.848656	-0.416580	0.815048	-0.362244
902.877734	-0.452805	0.670151	-0.452805
902.902335	-0.706375	0.851273	-0.344131
902.916763	-0.760712	0.923721	-0.271683
902.931060	-0.652039	1.086731	-0.470917
902.963839	-0.561478	1.014282	-0.507141
902.996243	-0.470917	0.923721	-0.416580
903.027745	-0.036224	0.633926	-0.434692
903.061142	0.144897	0.652039	-0.380356
903.102157	0.072449	0.724487	-0.018112
903.122940	-0.144897	0.724487	0.036224
903.141591	-1.974228	1.720657	-0.344131
903.164604	-0.163010	1.014282	0.271683
903.197193	0.181122	0.760712	0.072449
903.221618	0.144897	0.706375	-0.054337
903.233324	-0.326019	0.652039	-0.434692
903.248345	-0.326019	0.670151	-0.307907
903.262073	-0.344131	0.507141	-0.452805
903.278776	-0.434692	0.380356	-0.489029
903.291699	-0.561478	0.181122	-0.307907
903.305395	-0.489029	0.253571	-0.271683
903.362964	-0.344131	0.380356	-0.271683
903.389392	-0.289795	0.398468	-0.326019
903.418028	-0.144897	0.507141	-0.434692
903.445352	-0.108673	0.615814	-0.489029
903.478541	-0.398468	1.159180	-0.597702
903.500290	0.036224	0.760712	0.054337
903.521106	-1.050507	2.101013	-0.851273
903.536572	-1.557648	1.811218	-0.217346
903.549858	-1.883667	0.760712	-0.108673
903.582878	-1.702545	0.380356	-0.126785
903.603429	-0.615814	0.742599	-0.126785
903.621794	-0.271683	1.141068	-0.344131
903.636162	-0.271683	1.122955	-0.380356
903.650916	-0.452805	1.014282	-0.289795
903.664933	-0.688263	0.887497	-0.253571
903.680243	-0.796936	0.615814	0.018112
903.728926	-0.760712	0.507141	0.199234
903.763433	-0.652039	0.525253	0.054337
903.797820	-0.525253	0.615814	-0.271683
903.830674	-0.326019	0.887497	-0.344131
903.853237	-0.452805	0.796936	-0.235458
903.866453	-0.253571	0.996170	-0.362244
903.884754	-0.217346	0.959946	-0.380356
903.914032	-0.398468	0.796936	-0.380356
903.938889	-0.525253	0.923721	-0.380356
903.971530	-0.507141	0.851273	-0.380356
903.995987	-0.815048	0.760712	-0.326019
904.015381	-0.851273	0.887497	-0.380356
904.039271	-0.416580	0.887497	-0.398468
904.053571	0.054337	0.887497	-0.362244
904.093389	0.108673	0.833160	-0.253571
904.122158	-0.018112	0.778824	-0.054337
904.151700	-0.380356	0.796936	0.090561
904.180994	-0.579590	0.833160	0.126785
904.213754	-1.159180	1.267853	0.217346
904.235335	-0.362244	1.032394	0.144897
904.249813	-0.235458	0.978058	0.090561
904.270027	0.018112	0.742599	0.235458
904.283884	0.072449	0.760712	-0.126785
904.300439	-0.163010	0.742599	-0.217346
904.312746	-0.416580	0.543365	-0.380356
904.347857	-0.362244	0.543365	-0.344131
904.368394	-0.344131	0.416580	-0.452805
904.385051	-0.380356	0.289795	-0.289795
904.399013	-0.344131	0.362244	-0.289795
904.416202	-0.289795	0.470917	-0.362244
904.427881	-0.235458	0.543365	-0.398468
904.463827	-0.144897	0.742599	-0.307907
904.502416	-0.090561	0.978058	-0.289795
904.522999	0.072449	1.231628	-0.307907
904.549975	0.452805	1.503311	-0.887497
904.580126	0.507141	1.448975	-1.032394
904.613503	-0.597702	1.738770	0.144897
904.647428	-1.322189	1.883667	-0.289795
904.668271	-1.014282	0.452805	0.036224
904.687039	-0.652039	1.122955	-0.434692
904.751739	-0.507141	1.231628	-0.452805
904.779335	-0.416580	1.159180	-0.398468
904.799755	-0.561478	0.833160	-0.289795
904.828843	-0.597702	0.706375	-0.235458
904.864992	-0.380356	0.742599	-0.489029
904.889895	-0.416580	0.706375	-0.470917
904.903285	-0.434692	0.833160	-0.307907
904.919221	-0.398468	0.887497	-0.307907
904.931814	-0.307907	0.905609	-0.326019
904.966114	-0.326019	0.978058	-0.380356
904.998168	-0.344131	0.923721	-0.344131
905.030930	-0.380356	0.959946	-0.380356
905.065237	-0.434692	0.887497	-0.362244
905.097500	-0.416580	0.869385	-0.344131
905.131180	-0.416580	0.760712	-0.507141
905.168063	-0.470917	0.670151	-0.507141
905.185437	-0.561478	0.652039	-0.416580
905.213542	-0.760712	0.742599	-0.235458
905.245350	-0.851273	0.815048	-0.235458
905.304801	-0.996170	1.847443	-0.271683
905.328887	-0.144897	0.851273	0.235458
905.353852	-0.054337	0.724487	0.253571
905.384696	-0.054337	0.652039	-0.036224
905.412675	-0.054337	0.706375	-0.235458
905.437335	-0.398468	0.543365	-0.434692
905.467633	-0.434692	0.507141	-0.344131
905.498066	-0.326019	0.416580	-0.271683
905.528765	-0.126785	0.543365	-0.452805
905.552395	0.126785	1.448975	-0.253571
905.602272	0.615814	1.648209	-1.014282
905.623487	0.670151	1.467087	-1.195404
905.650199	-0.054337	1.340302	-1.014282
905.682130	-0.380356	1.177292	-0.796936
905.713992	-0.271683	1.104843	-0.706375
905.746682	-1.376526	0.470917	0.054337
905.778682	-0.742599	1.086731	-0.235458
905.790344	-0.579590	1.394638	-0.326019
905.810130	-0.452805	0.724487	-0.289795
905.847314	-0.489029	0.507141	-0.181122
905.879134	-0.489029	0.452805	-0.126785
905.916089	-0.525253	0.579590	0.018112
905.939589	-0.507141	0.688263	-0.108673
905.966045	-0.398468	0.815048	-0.271683
906.000905	-0.362244	0.706375	-0.289795
906.022432	-0.489029	0.833160	-0.307907
906.040618	-0.307907	0.905609	-0.271683
906.054953	-0.344131	0.724487	-0.326019
906.105859	-0.416580	0.724487	-0.344131
906.134404	-0.470917	0.742599	-0.452805
906.164676	-0.452805	0.760712	-0.452805
906.190912	-0.543365	0.670151	-0.398468
906.220700	-0.815048	0.905609	-0.416580
906.249387	-0.778824	0.959946	-0.452805
906.302285	-0.452805	0.833160	0.072449
906.335730	-1.521423	1.575760	-0.380356
906.355783	-1.141068	1.648209	-0.253571
906.372354	-0.561478	1.358414	-0.144897
906.386041	-0.217346	1.104843	0.163010
906.402022	-0.072449	0.941833	0.344131
906.414801	0.108673	0.778824	0.434692
906.435320	0.181122	0.670151	-0.108673
906.481035	-0.217346	0.615814	-0.307907
906.513270	-0.398468	0.561478	-0.434692
906.546266	-0.344131	0.543365	-0.362244
906.584921	-0.326019	0.561478	-0.434692
906.607208	-0.344131	0.470917	-0.398468
906.634342	0.054337	1.014282	-0.398468
906.653905	0.416580	1.412750	-0.978058
906.673867	-0.289795	1.213516	-0.615814
906.688268	-0.181122	1.068619	-0.688263
906.723113	-0.163010	0.815048	-0.380356
906.750503	-0.398468	1.086731	0.090561
906.780455	-0.941833	1.901779	-0.688263
906.811961	-1.376526	1.684433	-0.362244
906.853335	-1.376526	0.760712	0.018112
906.869875	-1.267853	0.489029	-0.108673
906.904216	-0.597702	0.760712	-0.271683
906.924081	-0.579590	0.561478	-0.036224
906.969613	-0.235458	1.014282	-0.344131
907.000446	-0.326019	0.905609	-0.307907
907.031931	-0.398468	0.778824	-0.380356
907.066673	-0.398468	0.652039	-0.326019
907.101169	-0.362244	1.014282	-0.326019
907.131628	-0.307907	0.996170	-0.326019
907.151043	-0.326019	0.778824	-0.434692
907.182257	-0.398468	0.742599	-0.434692
907.221575	-0.579590	0.652039	-0.362244
907.252894	-0.869385	0.941833	-0.380356
907.283335	-0.633926	0.833160	-0.434692
907.318671	0.126785	0.706375	-0.108673
907.354083	-0.380356	0.815048	0.108673
907.374667	-1.068619	1.340302	0.289795
907.401148	-1.032394	1.901779	-0.289795
907.422669	-0.452805	1.340302	-0.217346
907.436652	-0.326019	1.086731	0.199234
907.481151	-0.253571	1.050507	0.271683
907.513379	-0.126785	0.833160	0.235458
907.553745	-0.072449	0.742599	0.126785
907.573306	0.000000	0.652039	-0.090561
907.600608	-0.434692	0.217346	-0.344131
907.630961	-0.362244	0.217346	-0.289795
907.651060	-0.199234	0.525253	-0.344131
907.668214	-0.108673	1.104843	-0.307907
907.681513	0.108673	1.358414	-0.452805
907.719093	0.561478	1.430862	-0.905609
907.748585	0.543365	1.322189	-1.086731
907.779853	-0.307907	1.231628	-0.905609
907.819586	-0.271683	1.249741	-0.706375
907.846432	0.036224	0.996170	-0.670151
907.868473	0.090561	0.887497	-0.579590
907.888737	-0.633926	1.068619	-0.307907
907.917080	-0.416580	1.304077	-0.380356
907.970455	-0.543365	0.959946	-0.271683
907.991113	-0.688263	0.615814	-0.163010
908.017683	-0.652039	0.507141	-0.072449
908.047896	-0.670151	0.525253	0.090561
908.082895	-0.543365	0.561478	0.018112
908.117164	-0.398468	0.742599	-0.289795
908.143139	-0.398468	0.833160	-0.289795
908.156626	-0.362244	0.996170	-0.344131
908.171029	-0.380356	0.978058	-0.307907
908.185508	-0.452805	0.869385	-0.380356
908.224633	-0.507141	0.706375	-0.398468
908.247063	-0.525253	0.724487	-0.416580
908.267693	-0.434692	0.724487	-0.416580
908.289476	-0.398468	0.633926	-0.434692
908.317105	-0.489029	0.688263	-0.416580
908.350624	-0.289795	0.923721	-0.416580
908.380042	0.072449	0.760712	-0.181122
908.412100	-0.108673	0.688263	0.199234
908.435686	-1.104843	1.249741	0.271683
908.484945	-1.793106	1.720657	-0.289795
908.517822	-1.086731	1.829330	-0.326019
908.549444	-0.941833	1.684433	-0.235458
908.582601	-0.724487	1.485199	-0.217346
908.618506	-0.362244	0.597702	-0.452805
908.638777	-0.416580	0.543365	-0.398468
908.652382	-0.398468	0.434692	-0.452805
908.667068	-0.489029	0.289795	-0.271683
908.689088	-0.326019	0.489029	-0.235458
908.748931	-0.271683	0.543365	-0.289795
908.781852	-0.126785	0.561478	-0.307907
908.813608	-0.126785	0.688263	-0.271683
908.840683	0.054337	1.177292	-0.289795
908.870865	-0.199234	1.467087	-0.181122
908.901867	-0.633926	1.847443	0.072449
908.934834	-1.014282	0.815048	-0.470917
908.966552	-0.815048	0.996170	-0.054337
908.996723	-0.833160	1.304077	-0.144897
909.029354	-0.579590	1.539536	-0.416580
909.069463	-0.398468	1.213516	-0.362244
909.090636	-0.561478	0.434692	-0.181122
909.118158	-0.670151	0.398468	0.018112
909.150563	-0.253571	0.851273	-0.326019
909.184021	-0.416580	0.742599	-0.344131
909.216740	-0.489029	0.887497	-0.326019
909.252848	-0.362244	0.851273	-0.344131
909.275227	-0.489029	0.833160	-0.253571
909.300720	-0.489029	0.905609	-0.362244
909.325807	-0.507141	0.742599	-0.398468
909.353132	-0.543365	0.688263	-0.416580
909.382941	-0.633926	0.724487	-0.362244
909.415840	-0.778824	0.869385	-0.326019
909.448904	-0.796936	0.905609	-0.380356
909.489409	-0.181122	0.724487	0.181122
909.522241	-0.452805	0.742599	0.072449
909.550859	-1.666321	1.648209	-0.108673
909.586260	-0.706375	1.430862	-0.181122
909.608371	-0.289795	0.978058	0.217346
909.624773	-0.090561	0.670151	0.108673
909.639155	-0.054337	0.633926	0.036224
909.653570	-0.199234	0.652039	-0.271683
909.669163	-0.344131	0.615814	-0.398468
909.682336	-0.326019	0.633926	-0.307907
909.717319	-0.289795	0.633926	-0.380356
909.742487	-0.362244	0.507141	-0.398468
909.773254	-0.434692	0.398468	-0.326019
909.801347	-0.398468	0.326019	-0.326019
909.833011	-0.289795	0.362244	-0.326019
909.852575	-0.253571	0.398468	-0.344131
909.881160	0.561478	1.340302	-0.869385
909.919818	-0.253571	1.340302	-0.561478
909.937547	-0.181122	1.231628	-0.652039
909.964453	-0.778824	2.082901	-0.543365
910.006288	-1.141068	1.883667	-0.525253
910.033461	-1.122955	0.760712	-0.072449
910.053772	-1.195404	0.398468	0.018112
910.082308	-1.412750	0.398468	-0.108673
910.117709	-0.525253	0.833160	-0.289795
910.133016	-0.597702	0.561478	-0.144897
910.152394	-0.452805	0.543365	-0.416580
910.171709	-0.235458	0.978058	-0.072449
910.186743	-0.326019	0.978058	-0.090561
910.234668	-0.326019	0.706375	-0.344131
910.264560	-0.326019	0.652039	-0.326019
910.292613	-0.362244	0.706375	-0.307907
910.323261	-0.380356	0.742599	-0.326019
910.357214	-0.398468	0.905609	-0.380356
910.387083	-0.470917	0.851273	-0.416580
910.405865	-0.543365	0.796936	-0.362244
910.435993	-0.778824	0.706375	-0.253571
910.457461	-0.869385	0.796936	-0.253571
910.483254	-0.796936	0.905609	-0.344131
910.513840	-0.670151	0.887497	-0.398468
910.553011	-0.126785	0.796936	-0.398468
910.573036	0.090561	0.742599	-0.271683
910.600793	0.018112	0.688263	0.090561
910.630162	-1.539536	1.702545	-0.434692
910.649855	-0.507141	1.159180	-0.126785
910.661786	-0.380356	1.159180	-0.144897
910.675554	-0.199234	0.941833	0.072449
910.689973	-0.072449	0.833160	0.163010
910.726075	0.000000	0.724487	0.344131
910.758596	-0.018112	0.706375	-0.307907
910.776224	-0.434692	0.615814	-0.398468
910.790751	-0.434692	0.489029	-0.398468
910.805087	-0.507141	0.344131	-0.326019
910.823119	-0.470917	0.362244	-0.271683
910.842829	-0.416580	0.470917	-0.271683
910.869429	-0.235458	0.489029	-0.289795
910.891456	-0.072449	0.724487	-0.253571
910.905835	0.199234	1.122955	-0.525253
910.920261	0.362244	1.231628	-0.778824
910.936217	0.525253	1.249741	-1.322189
910.981679	0.000000	1.267853	-0.996170
911.014185	-0.289795	1.340302	-0.706375
911.053772	-0.307907	1.249741	-0.724487
911.075824	-0.181122	1.177292	-0.796936
911.094794	-1.141068	1.267853	-0.380356
911.107886	-0.887497	1.122955	-0.090561
911.121777	-0.778824	1.340302	-0.144897
911.136150	-0.452805	1.285965	-0.271683
911.152243	-0.470917	1.086731	-0.344131
911.164988	-0.543365	0.706375	-0.307907
911.184995	-0.543365	0.525253	-0.235458
911.225304	-0.525253	0.470917	-0.036224
911.255279	-0.543365	0.543365	0.072449
911.285931	-0.452805	0.688263	-0.181122
911.318462	-0.326019	0.851273	-0.416580
911.353176	-0.380356	0.796936	-0.326019
911.373922	-0.344131	0.833160	-0.326019
911.403909	-0.380356	0.959946	-0.289795
911.424009	-0.434692	0.796936	-0.398468
911.438366	-0.489029	0.760712	-0.489029
911.485486	-0.398468	0.652039	-0.507141
911.520020	-0.398468	0.597702	-0.452805
911.548347	-0.652039	0.597702	-0.380356
911.574030	-0.742599	0.724487	-0.289795
911.622738	0.072449	0.778824	-0.199234
911.647320	-0.090561	0.724487	0.054337
911.670207	-0.452805	0.796936	-0.036224
911.707884	-1.195404	1.756882	-0.253571
911.733719	-0.670151	1.467087	-0.090561
911.755073	-0.307907	0.978058	0.108673
911.769463	-0.108673	0.724487	0.108673
911.784491	-0.036224	0.652039	0.199234
911.798285	-0.018112	0.597702	0.108673
911.819754	-0.217346	0.615814	-0.289795
911.841452	-0.326019	0.579590	-0.344131
911.855898	-0.326019	0.543365	-0.470917
911.870248	-0.434692	0.380356	-0.307907
911.886384	-0.470917	0.289795	-0.289795
911.899114	-0.380356	0.326019	-0.307907
911.918643	-0.326019	0.380356	-0.307907
911.960246	-0.181122	0.489029	-0.398468
911.989503	-0.144897	0.561478	-0.344131
912.016472	-0.108673	0.996170	-0.253571
912.047825	-0.018112	1.340302	-0.398468
912.088357	0.470917	1.539536	-1.122955
912.102977	0.416580	1.394638	-1.122955
912.117333	-1.141068	1.412750	-0.561478
912.129496	-1.086731	0.597702	0.018112
912.147544	-1.122955	0.416580	-0.036224
912.158188	-0.742599	0.561478	-0.181122
912.172581	-0.633926	0.724487	-0.126785
912.187982	-0.670151	1.177292	-0.108673
912.233880	-0.633926	1.322189	-0.163010
912.266724	-0.434692	1.340302	-0.326019
912.298515	-0.289795	1.104843	-0.434692
912.333065	-0.380356	0.941833	-0.398468
912.357245	-0.507141	0.905609	-0.253571
912.395960	-0.326019	0.652039	-0.434692
912.419423	-0.362244	0.796936	-0.362244
912.431560	-0.344131	0.887497	-0.344131
912.470320	-0.416580	0.923721	-0.362244
912.502198	-0.380356	0.978058	-0.344131
912.535246	-0.344131	0.978058	-0.362244
912.564497	-0.362244	0.941833	-0.416580
912.601228	-0.398468	0.905609	-0.416580
912.623089	-0.416580	0.887497	-0.398468
912.654606	-0.815048	0.887497	-0.362244
912.676293	0.199234	0.706375	-0.199234
912.708936	0.163010	0.742599	0.036224
912.740261	-0.561478	1.068619	0.163010
912.762685	-1.756882	1.847443	-0.416580
912.777082	-1.122955	1.702545	-0.326019
912.791494	-0.978058	1.593872	-0.181122
912.805871	-0.633926	1.394638	-0.199234
912.821565	-0.507141	1.304077	-0.199234
912.834651	-0.326019	1.032394	0.018112
912.853305	-0.326019	0.941833	0.144897
912.884709	-0.144897	0.688263	0.199234
912.906576	-0.235458	0.633926	-0.163010
912.921867	-0.344131	0.579590	-0.344131
912.936444	-0.434692	0.543365	-0.289795
912.959536	-0.380356	0.525253	-0.326019
912.986021	-0.434692	0.362244	-0.398468
913.017419	-0.452805	0.326019	-0.326019
913.048932	-0.434692	0.452805	-0.271683
913.082513	-0.398468	0.507141	-0.271683
913.110257	0.362244	1.195404	-1.068619
913.131039	-0.144897	1.249741	-0.724487
913.152163	-0.018112	1.213516	-0.670151
913.165710	0.054337	1.050507	-0.706375
913.185299	-0.126785	0.978058	-0.344131
913.239160	-0.923721	1.630096	0.090561
913.258658	-1.195404	2.028564	-0.796936
913.286598	-1.285965	0.760712	-0.253571
913.316514	-1.177292	0.489029	0.018112
913.348787	-0.326019	1.159180	-0.380356
913.384823	-0.615814	0.561478	-0.181122
913.406062	-0.706375	0.597702	-0.072449
913.424857	-0.489029	0.923721	-0.344131
913.439415	-0.398468	0.905609	-0.289795
913.486153	-0.525253	0.851273	-0.307907
913.519618	-0.470917	0.688263	-0.380356
913.551236	-0.362244	0.633926	-0.416580
913.583049	-0.344131	0.706375	-0.470917
913.641421	-0.398468	0.905609	-0.398468
913.669667	-0.398468	0.796936	-0.416580
913.685165	-0.597702	0.633926	-0.271683
913.719330	-0.688263	0.815048	-0.217346
913.750865	-0.724487	0.887497	-0.271683
913.785912	-0.670151	0.905609	-0.380356
913.818780	-0.380356	0.615814	-0.362244
913.859234	-1.104843	1.702545	0.416580
913.894032	-1.448975	1.883667	-0.018112
913.908305	-0.923721	1.611984	-0.253571
913.935289	-0.398468	1.086731	0.090561
913.982051	-0.398468	0.923721	0.144897
914.009280	-0.253571	0.724487	-0.036224
914.039182	-0.144897	0.742599	-0.090561
914.069342	-0.126785	0.615814	0.108673
914.100386	-0.416580	0.344131	-0.380356
914.133663	-0.289795	0.307907	-0.434692
914.154490	-0.108673	0.597702	-0.344131
914.173383	-0.036224	1.104843	-0.398468
914.189173	0.289795	1.557648	-0.796936
914.234149	0.398468	1.611984	-0.923721
914.254880	-0.108673	1.557648	-0.851273
914.274082	0.126785	0.923721	-0.561478
914.290054	-0.416580	1.267853	-0.054337
914.302901	-0.887497	1.648209	-0.362244
914.335494	-0.996170	0.978058	-0.452805
914.353236	-1.050507	0.434692	-0.108673
914.374828	-0.851273	0.941833	-0.144897
914.390267	-0.833160	1.177292	-0.181122
914.403641	-0.833160	1.358414	-0.126785
914.421658	-0.561478	1.322189	-0.126785
914.464668	-0.398468	0.706375	-0.380356
914.493477	-0.434692	0.579590	-0.289795
914.523232	-0.416580	0.470917	-0.181122
914.552156	-0.470917	0.507141	-0.108673
914.584269	-0.398468	0.561478	-0.615814
914.606059	-0.416580	0.670151	-0.706375
914.619930	-0.362244	0.815048	-0.199234
914.636389	-0.344131	0.887497	-0.253571
914.648291	-0.380356	0.887497	-0.289795
914.668226	-0.362244	0.941833	-0.307907
914.718829	-0.489029	0.978058	-0.289795
914.752054	-0.525253	0.833160	-0.344131
914.784823	-0.543365	0.778824	-0.434692
914.816661	-0.452805	0.742599	-0.470917
914.851633	-0.452805	0.760712	-0.380356
914.887532	-0.597702	0.688263	-0.398468
914.902468	-0.633926	0.670151	-0.344131
914.938527	-0.470917	0.796936	0.090561
914.971805	-1.630096	1.648209	-0.108673
914.991549	-1.485199	1.648209	-0.362244
915.017483	-1.177292	1.593872	-0.434692
915.053700	-0.851273	1.611984	-0.144897
915.074549	-0.742599	1.412750	-0.108673
915.103386	-0.434692	1.159180	-0.072449
915.125501	-0.144897	0.724487	-0.163010
915.137629	-0.380356	0.561478	-0.416580
915.154658	-0.344131	0.543365	-0.344131
915.167086	-0.416580	0.398468	-0.380356
915.187843	-0.398468	0.217346	-0.344131
915.204262	-0.344131	0.326019	-0.344131
915.223993	-0.253571	0.507141	-0.380356
915.238365	-0.217346	0.525253	-0.398468
915.254524	-0.108673	0.633926	-0.344131
915.268046	-0.072449	0.815048	-0.307907
915.288050	0.181122	1.376526	-0.525253
915.310444	0.108673	1.304077	-0.941833
915.324759	-0.289795	1.249741	-0.905609
915.339144	-0.199234	1.104843	-0.489029
915.354835	-0.108673	1.050507	-0.525253
915.367995	0.036224	0.996170	-0.633926
915.386638	-0.235458	1.068619	0.054337
915.411164	-1.322189	1.738770	-0.452805
915.425573	-1.521423	1.177292	-0.144897
915.439986	-1.340302	0.344131	-0.090561
915.455864	-1.032394	0.344131	-0.126785
915.468767	-0.688263	0.760712	-0.036224
915.486677	-0.652039	0.959946	-0.108673
915.519018	-0.398468	1.358414	-0.326019
915.540765	-0.525253	0.869385	-0.271683
915.556584	-0.633926	0.796936	-0.235458
915.601594	-0.688263	0.525253	-0.108673
915.634685	-0.543365	0.489029	-0.036224
915.667796	-0.489029	0.597702	-0.126785
915.702205	-0.398468	0.688263	-0.380356
915.725208	-0.307907	0.869385	-0.416580
915.766412	-0.380356	0.923721	-0.307907
915.786163	-0.362244	0.996170	-0.307907
915.799727	-0.398468	0.760712	-0.362244
915.831444	-0.416580	0.706375	-0.344131
915.855433	-0.398468	0.742599	-0.416580
915.871741	-0.633926	0.706375	-0.326019
915.886113	-0.815048	0.778824	-0.289795
915.901346	-0.851273	0.851273	-0.271683
915.919749	-0.851273	0.905609	-0.326019
915.932264	-0.615814	0.905609	-0.434692
915.990337	-0.416580	0.923721	-0.507141
916.011575	-0.036224	0.851273	-0.289795
916.039213	0.018112	0.724487	-0.144897
916.070254	-0.163010	0.724487	0.090561
916.107445	-1.195404	1.883667	-0.199234
916.126423	-0.416580	1.195404	0.072449
916.145287	-0.163010	0.887497	0.126785
916.159759	-0.126785	0.742599	0.090561
916.174073	-0.090561	0.724487	0.108673
916.189515	-0.090561	0.706375	-0.126785
916.228659	-0.181122	0.670151	-0.199234
916.259047	-0.416580	0.579590	-0.434692
916.289023	-0.398468	0.543365	-0.380356
916.319502	-0.362244	0.525253	-0.326019
916.352187	-0.326019	0.561478	-0.362244
916.384300	-0.163010	0.796936	-0.344131
916.407334	0.072449	1.195404	-0.307907
916.418885	-0.018112	1.249741	-0.833160
916.438961	-0.217346	1.213516	-0.796936
916.486236	-0.199234	1.177292	-0.706375
916.517190	-0.126785	1.104843	-0.633926
916.550490	-0.108673	1.141068	-0.362244
916.582430	-0.398468	1.376526	0.054337
916.624394	-0.615814	0.905609	-0.181122
916.644979	-0.597702	1.122955	-0.289795
916.662165	-0.543365	0.905609	-0.452805
916.678019	-0.525253	0.615814	-0.054337
916.733632	-0.543365	0.597702	-0.054337
916.771789	-0.543365	0.597702	-0.181122
916.786392	-0.434692	0.706375	-0.253571
916.811126	-0.289795	0.923721	-0.217346
916.840682	-0.452805	0.905609	-0.326019
916.873096	-0.362244	0.887497	-0.362244
916.893885	-0.380356	0.887497	-0.344131
916.908269	-0.398468	0.869385	-0.380356
916.922659	-0.452805	0.833160	-0.362244
916.958121	-0.434692	0.815048	-0.380356
917.002528	-0.398468	0.724487	-0.452805
917.022371	-0.633926	0.742599	-0.307907
917.041672	-0.688263	0.815048	-0.344131
917.086414	-0.362244	0.978058	-0.380356
917.125287	-0.416580	0.887497	0.126785
917.148638	-0.778824	1.014282	0.199234
917.161277	-1.285965	1.666321	-0.163010
917.181662	-1.122955	1.901779	-0.289795
917.221529	-1.086731	1.793106	-0.126785
917.251298	-0.561478	1.376526	-0.126785
917.286298	-0.452805	1.304077	-0.090561
917.308439	-0.235458	1.032394	0.163010
917.335798	-0.199234	0.887497	0.307907
917.366267	-0.090561	0.760712	0.326019
917.378320	-0.543365	0.452805	-0.380356
917.402889	-0.470917	0.344131	-0.326019
917.423852	-0.289795	0.434692	-0.344131
917.468039	-0.163010	0.579590	-0.398468
917.502671	-0.108673	0.652039	-0.398468
917.536517	-0.072449	1.104843	-0.271683
917.559041	0.163010	1.304077	-0.416580
917.586312	0.543365	1.394638	-0.959946
917.618659	0.380356	1.285965	-0.978058
917.651351	-1.068619	1.195404	-0.398468
917.683453	-0.996170	0.615814	-0.018112
917.723845	-0.833160	1.141068	-0.090561
917.753341	-0.615814	1.376526	-0.289795
917.765517	-0.398468	1.267853	-0.434692
917.778532	-0.615814	0.470917	0.018112
917.800736	-0.434692	0.525253	-0.271683
917.835432	-0.326019	0.905609	-0.579590
917.868738	-0.199234	1.032394	-0.289795
917.894086	-0.253571	0.742599	-0.416580
917.923389	-0.416580	0.887497	-0.271683
917.971598	-0.416580	0.869385	-0.362244
918.008928	-0.452805	0.959946	-0.380356
918.029210	-0.380356	1.014282	-0.416580
918.056700	-0.362244	0.851273	-0.344131
918.086597	-0.416580	0.760712	-0.326019
918.121199	-0.470917	0.670151	-0.362244
918.155954	-0.724487	0.941833	-0.398468
918.174914	-0.126785	0.652039	-0.235458
918.189296	-0.144897	0.633926	-0.018112
918.238708	-0.416580	0.652039	0.163010
918.279179	-1.684433	1.684433	-0.163010
918.300260	-0.996170	1.702545	-0.253571
918.341541	-0.398468	1.412750	-0.181122
918.372803	-0.253571	1.213516	0.144897
918.402869	-0.181122	1.032394	0.253571
918.436658	-0.108673	0.905609	0.235458
918.468792	-0.181122	0.742599	0.072449
918.501859	-0.507141	0.235458	-0.271683
918.536012	-0.416580	0.434692	-0.235458
918.557225	-0.380356	0.470917	-0.271683
918.601671	0.036224	1.014282	-0.416580
918.633167	0.452805	1.213516	-0.941833
918.673052	0.561478	1.177292	-1.159180
918.696057	-0.090561	1.267853	-0.724487
918.723014	-0.181122	1.249741	-0.597702
918.753353	-1.304077	1.068619	0.018112
918.784319	-0.833160	0.199234	-0.126785
918.817094	-0.597702	0.489029	-0.217346
918.857288	-0.344131	1.231628	-0.307907
918.872407	-0.326019	1.195404	-0.235458
918.884837	-0.815048	0.633926	0.108673
918.908773	-0.688263	0.615814	0.163010
918.923267	-0.507141	0.724487	-0.271683
918.937561	-0.398468	0.778824	-0.615814
919.006204	-0.561478	0.815048	-0.398468
919.041486	-0.615814	0.706375	-0.380356
919.072075	-0.362244	0.652039	-0.362244
919.093779	-0.362244	0.670151	-0.380356
919.111258	-0.362244	0.978058	-0.344131
919.145666	-0.362244	0.941833	-0.344131
919.177115	-0.579590	0.670151	-0.398468
919.221971	-0.579590	0.652039	-0.289795
919.242016	-0.706375	0.833160	-0.235458
919.270842	-0.742599	0.869385	-0.271683
919.302378	-0.724487	0.905609	-0.434692
919.336566	-0.670151	0.887497	-0.507141
919.369657	-0.416580	0.869385	-0.543365
919.403206	-1.521423	1.575760	-0.163010
919.418050	-0.941833	1.774994	-0.326019
919.453546	-0.434692	1.267853	-0.144897
919.485078	-0.398468	1.177292	-0.018112
919.506300	-0.181122	0.851273	0.072449
919.527709	-0.271683	0.851273	-0.163010
919.543176	-0.398468	0.778824	-0.199234
919.556513	-0.525253	0.633926	-0.344131
919.573805	-0.507141	0.615814	-0.326019
919.585310	-0.470917	0.652039	-0.362244
919.605343	-0.398468	0.525253	-0.380356
919.628494	-0.380356	0.470917	-0.344131
919.642864	-0.344131	0.543365	-0.326019
919.657264	-0.253571	0.543365	-0.271683
919.674060	-0.271683	0.633926	-0.271683
919.686078	-0.271683	0.815048	-0.253571
919.721363	-0.217346	0.887497	-0.307907
919.752003	-0.036224	0.851273	-0.633926
919.791384	0.054337	0.851273	-0.778824
919.810341	0.054337	0.815048	-0.778824
919.827488	0.036224	0.815048	-0.760712
919.844543	-0.362244	1.141068	-0.489029
919.858799	-0.851273	1.231628	0.072449
919.873183	-1.032394	1.684433	-0.489029
919.888900	-1.430862	1.376526	-0.362244
919.902011	-0.996170	0.778824	-0.108673
919.920481	-0.525253	0.307907	-0.090561
919.945191	-0.688263	0.778824	-0.144897
919.959566	-0.778824	0.996170	-0.235458
919.973915	-0.887497	1.104843	-0.163010
919.989120	-0.796936	1.014282	-0.126785
920.002773	-0.688263	0.905609	-0.144897
920.023156	-0.489029	0.796936	-0.144897
920.045897	-0.271683	0.597702	-0.289795
920.060327	-0.289795	0.597702	-0.362244
920.106605	-0.289795	0.778824	-0.543365
920.124842	-0.307907	0.959946	-0.615814
920.152751	-0.398468	1.159180	-0.597702
920.192044	-0.416580	1.249741	-0.434692
920.211815	-0.326019	1.177292	-0.181122
920.239233	-0.199234	1.122955	0.090561
920.259022	-0.344131	0.905609	-0.344131
920.276260	-0.452805	0.796936	-0.326019
920.291823	-0.452805	0.742599	-0.289795
920.305085	-0.416580	0.706375	-0.289795
920.339051	-0.416580	0.724487	-0.307907
920.365569	-0.525253	0.796936	-0.235458
920.377079	-0.543365	0.778824	-0.181122
920.392103	-0.543365	0.778824	-0.253571
920.405888	-0.561478	0.760712	-0.289795
920.425115	-0.543365	0.815048	-0.362244
920.472609	-0.543365	0.923721	-0.416580
920.507614	-0.416580	0.996170	-0.326019
920.527447	-0.434692	0.978058	-0.326019
920.553880	-0.434692	0.923721	-0.271683
920.577274	-0.398468	0.887497	-0.253571
920.596757	-0.307907	0.887497	-0.271683
920.612256	-0.434692	1.050507	-0.072449
920.636279	-0.543365	0.760712	-0.054337
920.655177	-0.489029	0.706375	-0.072449
920.671662	-0.416580	0.778824	-0.181122
920.697151	-0.253571	0.869385	-0.036224
920.721152	-0.416580	1.014282	0.000000
920.752205	-0.579590	1.177292	-0.054337
920.791273	-0.561478	1.068619	-0.036224
920.813814	-0.452805	0.996170	-0.090561
920.840790	-0.362244	0.959946	-0.072449
920.871118	-0.344131	0.833160	-0.163010
920.891255	-0.398468	0.778824	-0.307907
920.909739	-0.398468	0.887497	-0.181122
920.925127	-0.416580	0.869385	-0.126785
920.938457	-0.543365	0.923721	-0.144897
920.970653	-0.489029	0.941833	-0.144897
921.003510	-0.452805	0.887497	-0.108673
921.027156	-0.380356	0.923721	-0.271683
921.054713	-0.326019	0.887497	-0.344131
921.073314	-0.380356	0.923721	-0.344131
921.096791	-0.489029	0.851273	-0.144897
921.111411	-0.452805	0.905609	-0.126785
921.125550	-0.434692	0.869385	-0.072449
921.141162	-0.543365	0.996170	-0.181122
921.156172	-0.362244	0.851273	-0.018112
921.168793	-0.307907	0.688263	-0.199234
921.186914	-0.489029	0.833160	-0.307907
921.237596	-0.561478	1.014282	-0.199234
921.270557	-0.615814	0.941833	-0.181122
921.303437	-0.688263	0.941833	-0.181122
921.324798	-0.670151	0.833160	-0.163010
921.345890	-0.615814	0.851273	-0.217346
921.374904	-0.235458	1.050507	-0.326019
921.405411	-0.452805	0.941833	-0.235458
921.427788	-0.380356	1.050507	-0.235458
921.475358	-0.326019	1.032394	-0.235458
921.507739	-0.344131	0.996170	-0.217346
921.527222	-0.344131	0.978058	-0.271683
921.551331	-0.380356	0.941833	-0.235458
921.579619	-0.507141	0.905609	-0.199234
921.610379	-0.507141	0.905609	-0.199234
921.627969	-0.326019	1.014282	-0.289795
921.643704	-0.416580	1.014282	-0.271683
921.658119	-0.362244	0.959946	-0.344131
921.672722	-0.326019	0.959946	-0.326019
921.688516	-0.253571	0.941833	0.018112
921.732664	-0.307907	0.941833	-0.163010
921.745352	-0.434692	0.796936	-0.289795
921.765658	-0.452805	0.815048	-0.271683
921.789040	-0.434692	0.742599	-0.235458
921.806456	-0.380356	0.778824	-0.235458
921.828212	-0.452805	0.851273	-0.181122
921.845107	-0.507141	0.941833	-0.144897
921.859533	-0.470917	0.941833	-0.181122
921.875375	-0.579590	0.941833	-0.163010
921.888262	-0.489029	0.905609	-0.199234
921.906651	-0.452805	0.869385	-0.217346
921.938339	-0.470917	0.851273	-0.289795
921.984287	-0.633926	0.851273	-0.362244
922.014194	-0.688263	0.851273	-0.289795
922.028954	-0.688263	0.869385	-0.253571
922.054340	-0.706375	0.887497	-0.271683
922.091453	-0.742599	0.833160	-0.307907
922.111831	-0.670151	0.923721	-0.344131
922.129149	-0.597702	0.959946	-0.380356
922.147250	-0.615814	1.050507	-0.326019
922.161680	-0.344131	0.887497	-0.344131
922.176083	-0.289795	0.851273	-0.362244
922.235573	-0.344131	0.905609	-0.344131
922.274357	-0.217346	0.869385	-0.380356
922.296279	-0.108673	0.851273	-0.344131
922.322723	-0.090561	0.833160	-0.344131
922.354555	-0.126785	0.959946	-0.380356
922.369254	-0.163010	0.941833	-0.543365
922.381138	-0.199234	0.851273	-0.362244
922.406301	-0.380356	0.959946	-0.344131
922.423659	-0.289795	1.014282	-0.289795
922.436008	-0.307907	1.014282	-0.289795
922.471172	-0.380356	0.978058	-0.344131
922.501316	-0.326019	0.978058	-0.344131
922.512759	-0.235458	0.887497	-0.398468
922.543679	-0.253571	0.869385	-0.398468
922.570424	-0.289795	0.869385	-0.380356
922.595998	-0.344131	0.978058	-0.326019
922.613366	-0.362244	1.014282	-0.344131
922.638097	-0.326019	0.978058	-0.362244
922.651452	-0.344131	0.941833	-0.344131
922.673246	-0.380356	0.959946	-0.362244
922.727009	-0.289795	1.032394	-0.416580
922.746716	-0.271683	1.014282	-0.416580
922.770626	-0.235458	1.032394	-0.362244
922.805984	-0.199234	1.014282	-0.344131
922.828385	-0.253571	1.068619	-0.362244
922.847748	-0.181122	0.941833	-0.199234
922.872680	-0.181122	0.923721	-0.217346
922.895662	-0.217346	0.996170	-0.271683
922.910141	-0.163010	0.978058	-0.217346
922.925032	-0.108673	0.978058	-0.199234
922.939974	-0.144897	1.068619	-0.289795
922.964535	-0.163010	1.068619	-0.362244
922.977707	-0.199234	1.032394	-0.380356
922.996527	-0.163010	1.032394	-0.344131
923.011018	-0.253571	1.050507	-0.362244
923.026018	-0.199234	1.122955	-0.362244
923.041076	-0.144897	1.122955	-0.289795
923.054127	-0.126785	1.068619	-0.289795
923.070783	-0.181122	1.086731	-0.217346
923.083560	-0.181122	1.086731	-0.235458
923.097281	-0.235458	1.050507	-0.289795
923.111692	-0.217346	0.996170	-0.253571
923.126111	-0.289795	0.978058	-0.235458
923.141568	-0.271683	0.941833	-0.235458
923.154875	-0.253571	0.923721	-0.181122
923.175927	-0.289795	0.887497	-0.126785
923.198006	-0.235458	0.959946	-0.199234
923.212488	-0.235458	0.996170	-0.235458
923.226900	-0.289795	0.978058	-0.289795
923.242241	-0.326019	0.978058	-0.199234
923.255612	-0.289795	0.923721	-0.217346
923.274339	-0.199234	0.959946	-0.163010
923.306157	-0.235458	0.923721	-0.235458
923.351503	-0.289795	0.996170	-0.271683
923.390450	-0.344131	0.978058	-0.199234
923.413863	-0.289795	1.014282	-0.108673
923.440989	-0.253571	1.014282	-0.108673
923.461566	-0.235458	1.249741	-0.018112
923.478854	-0.253571	0.978058	-0.144897
923.492800	-0.271683	1.068619	-0.271683
923.505235	-0.289795	1.050507	-0.271683
923.529099	-0.217346	1.014282	-0.144897
923.544533	-0.217346	1.032394	-0.036224
923.557919	-0.181122	1.068619	0.054337
923.619485	-0.217346	1.032394	-0.036224
923.660609	-0.217346	1.050507	-0.090561
923.677033	-0.217346	1.104843	-0.181122
923.705641	-0.144897	1.213516	-0.362244
923.720742	-0.253571	1.104843	-0.289795
923.744970	-0.217346	0.996170	-0.289795
923.759358	-0.144897	1.014282	-0.253571
923.774801	-0.163010	1.050507	-0.344131
923.789717	-0.181122	1.014282	-0.326019
923.802590	-0.181122	0.959946	-0.362244
923.837012	-0.181122	0.941833	-0.362244
923.860697	-0.036224	0.941833	-0.434692
923.874831	-0.090561	0.941833	-0.525253
923.895912	-0.144897	0.869385	-0.561478
923.925140	-0.163010	0.905609	-0.688263
923.954852	-0.126785	0.869385	-0.652039
923.985867	0.054337	0.905609	-0.579590
924.008088	0.000000	0.851273	-0.706375
924.041674	0.000000	0.833160	-0.706375
924.062270	-0.036224	0.796936	-0.633926
924.093119	-0.054337	0.815048	-0.652039
924.122930	-0.090561	0.742599	-0.652039
924.154567	-0.108673	0.724487	-0.652039
924.174677	-0.054337	0.724487	-0.688263
924.197538	0.018112	0.778824	-0.706375
924.226690	-0.072449	0.615814	-0.724487
924.244839	-0.072449	0.615814	-0.706375
924.263286	0.054337	0.579590	-0.706375
924.277666	0.108673	0.579590	-0.652039
924.292067	0.090561	0.615814	-0.652039
924.306899	0.072449	0.615814	-0.688263
924.328667	0.000000	0.543365	-0.815048
924.355613	0.000000	0.525253	-0.887497
924.387926	0.036224	0.434692	-0.941833
924.412189	0.090561	0.416580	-0.978058
924.440425	0.126785	0.362244	-0.978058
924.472813	0.072449	0.090561	-1.086731
924.495753	0.108673	0.072449	-1.141068
924.512520	0.163010	0.163010	-1.177292
924.526094	0.181122	0.108673	-1.068619
924.540143	0.199234	0.054337	-1.050507
924.588155	0.253571	0.108673	-1.141068
924.619487	0.235458	0.054337	-1.032394
924.659424	0.199234	0.054337	-1.050507
924.677889	0.199234	0.090561	-1.068619
924.704452	0.217346	0.072449	-1.086731
924.727934	0.199234	0.018112	-1.050507
924.747302	0.036224	-0.090561	-1.014282
924.760465	0.090561	-0.108673	-1.014282
924.773537	0.108673	-0.144897	-1.014282
924.795762	0.163010	-0.144897	-1.086731
924.811234	0.163010	-0.181122	-0.996170
924.846580	0.163010	-0.199234	-0.996170
924.864030	0.181122	-0.217346	-0.996170
924.888239	0.163010	-0.199234	-0.996170
924.911696	0.163010	-0.307907	-0.996170
924.930972	0.181122	-0.253571	-0.996170
924.956300	0.163010	-0.235458	-1.014282
924.989886	0.199234	-0.163010	-1.104843
925.012811	0.217346	-0.126785	-1.104843
925.033359	0.163010	-0.199234	-0.996170
925.056207	0.199234	-0.163010	-1.014282
925.095103	0.217346	-0.163010	-1.050507
925.120550	0.235458	-0.181122	-1.068619
925.148102	0.253571	-0.163010	-1.050507
925.178160	0.271683	-0.163010	-1.032394
925.203587	0.235458	-0.144897	-1.014282
925.232088	0.253571	-0.199234	-1.014282
925.259631	0.271683	-0.199234	-0.978058
925.281842	0.289795	-0.199234	-1.014282
925.301821	0.271683	-0.199234	-1.014282
925.314238	0.235458	-0.199234	-1.050507
925.347843	0.235458	-0.199234	-1.032394
925.370539	0.271683	-0.199234	-1.014282
925.392463	0.253571	-0.199234	-0.996170
925.415712	0.289795	-0.217346	-0.996170
925.441770	0.289795	-0.181122	-0.978058
925.492510	0.271683	-0.199234	-1.032394
925.522035	0.380356	-0.199234	-1.050507
925.538892	0.326019	-0.181122	-0.996170