376.566647	0.181122	-0.307907	-0.996170
376.592164	0.235458	-0.344131	-1.050507
376.616889	0.199234	-0.253571	-1.032394
376.644828	0.163010	-0.199234	-0.959946
376.673783	0.163010	-0.181122	-0.923721
376.700291	0.163010	-0.163010	-0.978058
376.726355	0.181122	-0.126785	-0.941833
376.759446	0.181122	-0.235458	-0.796936
376.793664	0.326019	-0.235458	-0.851273
376.817803	0.018112	-0.036224	-0.289795
376.842316	-0.108673	0.090561	-0.434692
376.873778	-0.036224	0.235458	-0.923721
376.905807	0.199234	0.253571	-0.978058
376.946764	0.289795	0.253571	-0.525253
376.972652	0.072449	0.941833	-0.434692
376.994092	0.851273	0.688263	-1.304077
377.022477	0.362244	0.289795	-0.615814
377.055052	0.507141	0.416580	-0.326019
377.077347	0.724487	0.778824	-1.630096
377.123517	0.688263	0.742599	-1.539536
377.145074	0.561478	1.014282	-1.883667
377.175026	0.579590	0.724487	-1.467087
377.206228	0.615814	0.724487	-1.032394
377.232606	0.597702	0.941833	-0.796936
377.261390	0.633926	0.996170	-0.959946
377.295006	0.507141	1.159180	-0.525253
377.320305	0.597702	0.905609	-0.507141
377.345617	0.398468	0.760712	-0.434692
377.388777	0.307907	0.778824	-0.489029
377.427993	0.398468	0.941833	-0.398468
377.449633	0.181122	0.923721	-0.344131
377.476062	0.253571	0.869385	-0.326019
377.505461	0.362244	0.742599	-0.181122
377.544105	0.416580	1.104843	-0.253571
377.574124	0.362244	0.923721	-0.253571
377.596305	0.380356	0.905609	-0.326019
377.623839	0.434692	0.978058	-0.326019
377.647992	0.489029	0.887497	-0.307907
377.677016	0.507141	0.941833	-0.307907
377.700036	0.561478	0.941833	-0.307907
377.726517	0.470917	0.923721	-0.271683
377.747281	0.507141	0.851273	-0.307907
377.774229	0.561478	0.815048	-0.289795
377.797663	0.670151	0.833160	-0.289795
377.828625	0.652039	0.833160	-0.271683
377.872513	0.543365	0.724487	-0.199234
377.897636	0.597702	0.688263	-0.163010
377.924049	0.615814	0.652039	-0.235458
377.962148	0.688263	0.579590	-0.362244
377.983756	0.507141	0.470917	-0.380356
378.010077	0.489029	0.543365	-0.163010
378.040053	0.796936	0.670151	-0.271683
378.073242	1.068619	0.706375	-0.289795
378.112311	0.923721	0.633926	-0.434692
378.148799	0.688263	0.815048	-0.289795
378.174341	0.923721	1.285965	-0.289795
378.199061	0.887497	0.869385	0.199234
378.223589	0.778824	1.032394	0.036224
378.255830	0.235458	0.778824	0.217346
378.277713	0.362244	0.815048	0.235458
378.298908	0.416580	0.869385	0.362244
378.324930	0.615814	0.760712	0.235458
378.349728	0.597702	0.869385	0.072449
378.405451	0.434692	0.941833	0.163010
378.444266	0.434692	0.815048	0.108673
378.476039	0.561478	0.815048	0.126785
378.500426	0.507141	0.796936	0.163010
378.527300	0.434692	0.851273	0.181122
378.555832	0.507141	0.851273	0.144897
378.578205	0.525253	0.815048	0.144897
378.600307	0.489029	0.833160	0.163010
378.634500	0.470917	0.869385	0.199234
378.663699	0.489029	0.851273	0.181122
378.691640	0.507141	0.851273	0.199234
378.717941	0.525253	0.923721	0.199234
378.751631	0.543365	0.905609	0.235458
378.776841	0.579590	0.959946	0.253571
378.801279	0.597702	0.923721	0.271683
378.827896	0.652039	0.869385	0.217346
378.851489	0.688263	0.796936	0.181122
378.893849	0.706375	0.815048	0.199234
378.923316	0.652039	0.959946	0.235458
378.955362	0.670151	0.959946	0.217346
378.981481	0.633926	0.778824	0.181122
379.010070	0.543365	1.231628	0.090561
379.030980	0.543365	1.231628	-0.072449
379.057849	0.561478	1.086731	-0.144897
379.079559	0.561478	1.122955	-0.144897
379.107371	0.579590	0.959946	0.000000
379.129638	0.579590	0.887497	-0.108673
379.158554	0.398468	0.778824	-0.108673
379.203875	0.543365	0.670151	-0.090561
379.228808	0.543365	0.633926	-0.126785
379.258243	0.470917	0.633926	-0.181122
379.279085	0.597702	0.597702	-0.163010
379.306416	0.525253	0.670151	-0.072449
379.334515	0.706375	0.652039	-0.144897
379.365414	0.652039	0.579590	-0.271683
379.394708	0.633926	0.561478	-0.307907
379.424558	0.652039	0.633926	-0.253571
379.454222	0.978058	0.670151	-0.307907
379.480538	1.177292	0.760712	-0.271683
379.518726	1.086731	0.778824	-0.199234
379.549221	0.760712	0.760712	-0.144897
379.577367	0.670151	0.959946	-0.054337
379.607961	0.670151	1.104843	-0.072449
379.635055	0.688263	0.833160	-0.108673
379.664374	0.398468	0.796936	0.181122
379.692241	0.380356	0.851273	0.289795
379.731057	0.525253	0.851273	0.217346
379.758638	0.470917	0.833160	0.144897
379.793598	0.362244	0.833160	0.036224
379.831541	0.525253	0.833160	0.090561
379.857891	0.416580	0.796936	0.181122
379.881723	0.507141	0.815048	0.144897
379.909999	0.543365	0.815048	0.199234
379.934789	0.561478	0.833160	0.181122
379.963476	0.507141	0.796936	0.217346
379.992283	0.507141	0.833160	0.199234
380.018532	0.489029	0.869385	0.199234
380.044485	0.452805	0.923721	0.199234
380.082636	0.543365	0.978058	0.235458
380.109272	0.525253	0.887497	0.307907
380.132916	0.507141	0.923721	0.271683
380.160238	0.633926	0.905609	0.181122
380.190233	0.706375	0.833160	0.126785
380.228484	0.652039	0.815048	0.144897
380.249913	0.670151	0.996170	0.235458
380.276146	0.652039	0.941833	0.090561
380.308713	0.507141	0.923721	0.289795
380.333174	0.670151	1.231628	-0.090561
380.363263	0.561478	1.213516	-0.108673
380.383446	0.507141	1.050507	-0.126785
380.409273	0.597702	1.032394	-0.108673
380.433617	0.615814	0.869385	0.108673
380.458744	0.706375	0.724487	-0.054337
380.483962	0.579590	0.688263	-0.054337
380.523981	0.525253	0.688263	-0.090561
380.550366	0.579590	0.561478	-0.090561
380.575665	0.543365	0.597702	-0.090561
380.598801	0.507141	0.652039	-0.090561
380.624450	0.525253	0.652039	-0.163010
380.661142	0.615814	0.688263	-0.144897
380.685372	0.633926	0.706375	-0.199234
380.709941	0.706375	0.670151	-0.271683
380.735116	0.760712	0.670151	-0.271683
380.762225	0.923721	0.615814	-0.289795
380.785814	1.086731	0.706375	-0.235458
380.812905	0.978058	0.724487	-0.235458
380.835954	0.959946	0.670151	-0.163010
380.863976	1.032394	1.141068	-0.036224
380.891304	0.996170	1.068619	0.289795
380.928919	0.307907	0.941833	-0.108673
380.961366	0.489029	0.869385	0.108673
380.991913	0.307907	0.887497	0.181122
381.013379	0.380356	0.923721	0.199234
381.041877	0.416580	0.869385	0.181122
381.073073	0.525253	0.833160	0.181122
381.097555	0.543365	0.796936	0.181122
381.137807	0.470917	0.833160	0.181122
381.164038	0.434692	0.778824	0.217346
381.190968	0.525253	0.778824	0.144897
381.212754	0.561478	0.778824	0.163010
381.243262	0.561478	0.796936	0.181122
381.288195	0.470917	0.869385	0.108673
381.313203	0.489029	0.905609	0.108673
381.342552	0.507141	0.959946	0.181122
381.363363	0.507141	0.978058	0.235458
381.393168	0.579590	0.996170	0.235458
381.413230	0.633926	0.941833	0.253571
381.438411	0.652039	0.941833	0.271683
381.463968	0.670151	0.905609	0.199234
381.495104	0.706375	0.833160	0.108673
381.523160	0.633926	0.959946	0.181122
381.555059	0.688263	0.959946	0.163010
381.580193	0.633926	0.869385	0.126785
381.611640	0.525253	0.905609	0.054337
381.632993	0.344131	1.213516	0.072449
381.664853	0.507141	1.213516	-0.163010
381.689399	0.543365	1.122955	-0.163010
381.715204	0.525253	1.068619	-0.108673
381.743487	0.434692	0.887497	-0.018112
381.773226	0.470917	0.724487	-0.054337
381.811147	0.525253	0.633926	-0.072449
381.833590	0.543365	0.543365	-0.108673
381.861927	0.489029	0.579590	-0.072449
381.892807	0.434692	0.543365	-0.126785
381.916008	0.434692	0.633926	-0.036224
381.946632	0.579590	0.688263	-0.090561
381.993985	0.815048	0.706375	-0.271683
382.016340	0.851273	0.833160	-0.289795
382.044320	1.050507	0.887497	-0.253571
382.074235	1.104843	0.869385	-0.271683
382.113090	1.014282	0.869385	-0.199234
382.142830	0.652039	1.104843	0.000000
382.167079	0.144897	0.887497	-0.199234
382.191608	0.452805	0.815048	0.036224
382.216697	0.525253	0.923721	0.235458
382.258174	0.253571	0.923721	0.199234
382.284701	0.380356	0.923721	0.199234
382.311397	0.416580	0.923721	0.163010
382.343675	0.489029	0.796936	0.126785
382.367953	0.489029	0.778824	0.108673
382.392607	0.434692	0.796936	0.144897
382.417594	0.434692	0.796936	0.144897
382.444339	0.507141	0.778824	0.126785
382.468444	0.489029	0.833160	0.126785
382.493650	0.525253	0.833160	0.126785
382.518688	0.543365	0.833160	0.163010
382.544068	0.525253	0.833160	0.199234
382.568972	0.470917	0.869385	0.163010
382.595507	0.489029	0.905609	0.217346
382.623893	0.543365	0.941833	0.307907
382.646275	0.561478	0.959946	0.344131
382.668824	0.579590	0.959946	0.271683
382.694854	0.652039	0.941833	0.253571
382.719051	0.724487	0.796936	0.054337
382.764159	0.670151	0.815048	0.036224
382.792439	0.670151	0.996170	0.199234
382.819425	0.561478	0.978058	0.036224
382.848506	0.525253	1.122955	0.181122
382.878144	0.434692	1.249741	0.307907
382.898435	0.579590	1.231628	-0.144897
382.920076	0.489029	1.050507	-0.108673
382.948090	0.434692	0.978058	-0.072449
382.970276	0.416580	0.869385	-0.054337
382.996986	0.398468	0.688263	-0.108673
383.026979	0.416580	0.652039	-0.126785
383.063787	0.416580	0.597702	-0.072449
383.096400	0.398468	0.597702	-0.072449
383.125114	0.380356	0.633926	0.036224
383.146642	0.470917	0.688263	0.000000
383.179017	0.561478	0.688263	-0.036224
383.222170	0.760712	0.778824	-0.217346
383.247115	0.887497	0.796936	-0.271683
383.277801	1.068619	0.869385	-0.144897
383.301592	1.159180	0.869385	-0.307907
383.326100	1.068619	0.887497	-0.163010
383.348114	1.014282	1.195404	0.090561
383.382483	0.597702	1.050507	0.054337
383.410259	0.235458	1.014282	0.018112
383.442288	0.307907	0.796936	-0.072449
383.475123	0.452805	0.851273	0.199234
383.513237	0.271683	0.869385	0.163010
383.535444	0.452805	0.851273	0.199234
383.562011	0.470917	0.796936	0.181122
383.598717	0.470917	0.742599	0.181122
383.626634	0.380356	0.833160	0.126785
383.648916	0.416580	0.815048	0.144897
383.673439	0.470917	0.815048	0.144897
383.699792	0.452805	0.851273	0.144897
383.727529	0.489029	0.815048	0.181122
383.749395	0.489029	0.833160	0.163010
383.777566	0.434692	0.851273	0.144897
383.800258	0.434692	0.905609	0.181122
383.824733	0.470917	0.923721	0.217346
383.852046	0.525253	0.996170	0.271683
383.881854	0.579590	1.032394	0.307907
383.910972	0.615814	0.978058	0.253571
383.950204	0.760712	0.815048	0.054337
383.974744	0.670151	0.833160	0.054337
384.007882	0.706375	0.996170	0.144897
384.036277	0.670151	0.959946	0.163010
384.065836	0.579590	0.905609	0.199234
384.094010	0.507141	1.122955	0.144897
384.126387	0.615814	1.322189	-0.054337
384.157815	0.470917	0.941833	-0.163010
384.181338	0.525253	0.905609	-0.072449
384.227480	0.470917	0.688263	0.018112
384.251587	0.507141	0.615814	-0.054337
384.279893	0.507141	0.615814	0.000000
384.301810	0.470917	0.633926	0.018112
384.328096	0.452805	0.652039	-0.090561
384.363373	0.362244	0.742599	0.090561
384.385278	0.416580	0.760712	-0.090561
384.413079	0.561478	0.724487	-0.144897
384.452478	0.724487	0.742599	-0.307907
384.477021	0.833160	0.760712	-0.217346
384.510855	0.978058	0.724487	-0.235458
384.540964	1.032394	0.742599	-0.253571
384.581883	0.941833	0.706375	-0.181122
384.602812	0.833160	0.833160	-0.090561
384.629224	0.652039	1.177292	0.036224
384.659107	0.452805	1.068619	0.126785
384.681306	0.398468	0.887497	0.108673
384.702967	0.362244	0.869385	0.144897
384.731660	0.235458	0.905609	0.217346
384.781613	0.380356	0.978058	0.235458
384.810601	0.452805	0.887497	0.181122
384.847223	0.434692	0.796936	0.144897
384.868908	0.434692	0.778824	0.163010
384.892261	0.434692	0.815048	0.163010
384.929710	0.561478	0.851273	0.199234
384.959697	0.543365	0.815048	0.181122
384.981400	0.579590	0.796936	0.199234
385.010892	0.579590	0.796936	0.217346
385.031616	0.543365	0.815048	0.199234
385.060907	0.507141	0.869385	0.181122
385.083341	0.470917	0.887497	0.126785
385.111212	0.543365	0.923721	0.163010
385.142436	0.561478	0.978058	0.235458
385.182887	0.543365	0.996170	0.217346
385.210187	0.633926	0.923721	0.163010
385.231851	0.688263	1.014282	0.181122
385.261799	0.778824	1.122955	0.235458
385.293006	0.688263	0.887497	0.126785
385.325625	0.561478	0.796936	0.108673
385.364857	0.507141	0.923721	-0.072449
385.386339	0.434692	1.195404	0.108673
385.412622	0.380356	1.141068	0.090561
385.464336	0.543365	1.050507	0.000000
385.506982	0.380356	0.778824	-0.072449
385.532432	0.380356	0.688263	-0.181122
385.561330	0.398468	0.633926	-0.126785
385.585382	0.362244	0.597702	-0.108673
385.613154	0.307907	0.579590	-0.108673
385.637560	0.344131	0.597702	-0.072449
385.665858	0.416580	0.688263	-0.090561
385.713804	0.633926	0.760712	-0.181122
385.758443	0.778824	0.796936	-0.326019
385.783562	0.923721	0.851273	-0.362244
385.815019	1.068619	0.887497	-0.380356
385.837733	1.050507	0.851273	-0.362244
385.864443	0.887497	0.923721	-0.181122
385.894114	0.688263	1.159180	0.018112
385.914327	0.525253	1.050507	-0.090561
385.964344	0.434692	0.796936	0.181122
385.983894	0.307907	0.869385	0.181122
386.010957	0.217346	0.941833	0.253571
386.044373	0.434692	0.941833	0.235458
386.084968	0.362244	0.851273	0.163010
386.111610	0.398468	0.815048	0.144897
386.135118	0.398468	0.833160	0.144897
386.160836	0.398468	0.851273	0.144897
386.185366	0.489029	0.796936	0.090561
386.209989	0.507141	0.833160	0.126785
386.235057	0.470917	0.869385	0.144897
386.269575	0.543365	0.851273	0.108673
386.297369	0.543365	0.869385	0.144897
386.330201	0.507141	0.923721	0.126785
386.350997	0.434692	0.959946	0.163010
386.378629	0.561478	0.996170	0.181122
386.408399	0.615814	0.978058	0.217346
386.435895	0.615814	0.905609	0.181122
386.465622	0.688263	0.815048	0.072449
386.487234	0.706375	0.742599	-0.018112
386.515729	0.561478	0.923721	0.072449
386.544674	0.670151	1.032394	0.072449
386.570806	0.579590	0.959946	0.126785
386.598973	0.579590	1.050507	0.253571
386.621398	0.489029	1.231628	0.163010
386.649894	0.525253	1.285965	-0.090561
386.678128	0.525253	1.177292	-0.217346
386.713560	0.470917	0.941833	-0.036224
386.737877	0.434692	0.760712	-0.108673
386.765357	0.416580	0.670151	-0.108673
386.794459	0.470917	0.579590	-0.090561
386.816491	0.507141	0.615814	-0.054337
386.843094	0.380356	0.652039	-0.054337
386.864638	0.362244	0.670151	-0.072449
386.887940	0.398468	0.706375	-0.108673
386.913579	0.489029	0.706375	-0.163010
386.938204	0.633926	0.706375	-0.235458
386.963996	0.670151	0.724487	-0.253571
387.014939	0.760712	0.760712	-0.271683
387.044742	1.141068	0.796936	-0.289795
387.066176	1.122955	0.778824	-0.362244
387.094282	0.923721	0.778824	-0.144897
387.120423	0.869385	1.122955	-0.054337
387.149576	0.652039	1.213516	-0.144897
387.177825	0.470917	0.869385	-0.036224
387.209198	0.362244	0.851273	0.054337
387.249111	0.289795	0.778824	0.072449
387.270682	0.289795	0.959946	0.217346
387.293528	0.470917	0.887497	0.054337
387.320527	0.543365	0.833160	0.036224
387.349594	0.489029	0.815048	0.090561
387.379645	0.416580	0.796936	0.072449
387.409321	0.380356	0.833160	0.090561
387.448590	0.398468	0.833160	0.090561
387.491075	0.525253	0.851273	0.072449
387.516503	0.543365	0.796936	0.108673
387.546682	0.507141	0.833160	0.181122
387.569975	0.489029	0.905609	0.181122
387.594904	0.507141	0.959946	0.163010
387.622037	0.561478	0.959946	0.253571
387.648889	0.579590	0.978058	0.253571
387.671509	0.525253	0.978058	0.181122
387.695439	0.597702	0.905609	0.090561
387.716883	0.652039	0.869385	0.036224
387.750903	0.688263	0.869385	0.144897
387.775414	0.724487	1.032394	0.163010
387.802904	0.760712	0.959946	0.036224
387.832535	0.543365	0.978058	-0.036224
387.862371	0.452805	1.122955	-0.072449
387.894648	0.344131	1.267853	0.072449
387.925680	0.398468	1.177292	-0.144897
387.963695	0.507141	1.104843	-0.090561
387.994953	0.507141	0.796936	-0.090561
388.018692	0.380356	0.633926	-0.108673
388.043188	0.326019	0.615814	-0.090561
388.068329	0.398468	0.633926	-0.072449
388.093432	0.362244	0.688263	-0.054337
388.121217	0.380356	0.688263	-0.126785
388.145859	0.398468	0.742599	-0.108673
388.168758	0.452805	0.760712	-0.144897
388.195947	0.597702	0.742599	-0.235458
388.219102	0.652039	0.706375	-0.362244
388.276298	0.706375	0.742599	-0.344131
388.314767	0.923721	0.796936	-0.344131
388.345483	0.941833	0.670151	-0.199234
388.370330	0.633926	0.833160	0.000000
388.399473	0.742599	1.322189	-0.126785
388.428884	0.615814	0.959946	-0.108673
388.470728	0.470917	0.905609	0.235458
388.502280	0.181122	0.978058	0.271683
388.530287	0.235458	0.996170	0.289795
388.560213	0.525253	0.851273	0.090561
388.599877	0.525253	0.796936	0.072449
388.621382	0.434692	0.796936	0.090561
388.646506	0.362244	0.833160	0.163010
388.679726	0.434692	0.833160	0.108673
388.699411	0.561478	0.796936	0.108673
388.721942	0.561478	0.833160	0.126785
388.746951	0.525253	0.815048	0.144897
388.779573	0.543365	0.851273	0.090561
388.802496	0.579590	0.851273	0.181122
388.827343	0.543365	0.851273	0.163010
388.851418	0.489029	0.887497	0.126785
388.880636	0.525253	0.941833	0.181122
388.915947	0.597702	1.014282	0.199234
388.938008	0.597702	0.978058	0.199234
388.974638	0.742599	0.887497	0.072449
388.998141	0.742599	0.887497	0.054337
389.027510	0.778824	1.068619	0.163010
389.049707	0.724487	0.959946	0.090561
389.078506	0.579590	0.815048	0.090561
389.104611	0.543365	0.887497	-0.036224
389.133006	0.543365	1.231628	0.000000
389.154946	0.416580	1.267853	0.054337
389.183590	0.398468	1.177292	-0.072449
389.230276	0.561478	0.996170	-0.054337
389.252228	0.633926	0.905609	-0.036224
389.280495	0.434692	0.724487	-0.036224
389.304740	0.434692	0.652039	-0.090561
389.330092	0.470917	0.579590	-0.072449
389.355988	0.398468	0.615814	-0.054337
389.385563	0.380356	0.633926	-0.090561
389.413618	0.434692	0.670151	-0.072449
389.450103	0.543365	0.688263	-0.217346
389.474959	0.597702	0.688263	-0.289795
389.506182	0.724487	0.724487	-0.380356
389.535812	0.851273	0.815048	-0.398468
389.564086	1.068619	0.815048	-0.398468
389.584972	1.050507	0.796936	-0.380356
389.612016	0.905609	0.706375	-0.199234
389.639167	0.724487	0.778824	-0.036224
389.669854	0.670151	1.141068	-0.126785
389.698158	0.579590	1.104843	-0.181122
389.718391	0.688263	1.014282	0.000000
389.761958	0.362244	0.796936	0.126785
389.793724	0.307907	0.941833	0.307907
389.832923	0.416580	0.923721	0.271683
389.854477	0.525253	0.778824	0.144897
389.881190	0.561478	0.778824	0.163010
389.905881	0.489029	0.833160	0.090561
389.934551	0.416580	0.833160	0.108673
389.981211	0.489029	0.851273	0.108673
390.002314	0.525253	0.833160	0.144897
390.028226	0.579590	0.778824	0.126785
390.067721	0.579590	0.778824	0.181122
390.102741	0.579590	0.833160	0.163010
390.128846	0.561478	0.869385	0.217346
390.153065	0.579590	0.923721	0.217346
390.177582	0.597702	0.941833	0.253571
390.202816	0.561478	0.941833	0.271683
390.227800	0.633926	0.941833	0.163010
390.264574	0.706375	0.941833	0.090561
390.303715	0.742599	0.978058	0.163010
390.329840	0.724487	0.869385	0.036224
390.353991	0.597702	0.851273	0.072449
390.383627	0.561478	0.996170	-0.036224
390.413156	0.452805	1.249741	0.163010
390.454429	0.489029	1.159180	0.072449
390.479001	0.615814	1.068619	0.018112
390.508814	0.597702	0.923721	0.000000
390.531451	0.525253	0.815048	0.018112
390.554345	0.380356	0.724487	0.018112
390.579399	0.380356	0.670151	-0.054337
390.604675	0.416580	0.633926	-0.054337
390.629607	0.452805	0.688263	-0.090561
390.654676	0.416580	0.724487	-0.072449
390.681362	0.398468	0.778824	-0.036224
390.704885	0.434692	0.742599	-0.163010
390.732269	0.525253	0.760712	-0.217346
390.759417	0.597702	0.706375	-0.253571
390.784743	0.670151	0.760712	-0.326019
390.815603	0.796936	0.706375	-0.380356
390.845444	0.905609	0.724487	-0.326019
390.877697	0.996170	0.778824	-0.326019
390.905662	1.032394	0.670151	-0.199234
390.930841	0.833160	1.304077	-0.036224
390.955972	0.579590	1.249741	-0.090561
390.982631	0.525253	0.978058	0.018112
391.034840	0.434692	0.905609	0.054337
391.061811	0.126785	0.941833	0.253571
391.084130	0.416580	0.923721	0.126785
391.113955	0.525253	0.851273	0.054337
391.145378	0.543365	0.833160	0.090561
391.182602	0.543365	0.815048	0.126785
391.207989	0.489029	0.815048	0.126785
391.233382	0.543365	0.796936	0.090561
391.265558	0.561478	0.815048	0.090561
391.308561	0.543365	0.815048	0.181122
391.333241	0.561478	0.778824	0.126785
391.363267	0.561478	0.796936	0.126785
391.383497	0.525253	0.815048	0.144897
391.414386	0.470917	0.887497	0.163010
391.435223	0.489029	0.923721	0.181122
391.458922	0.543365	0.923721	0.253571
391.484430	0.543365	0.978058	0.253571
391.513226	0.597702	0.996170	0.181122
391.533581	0.670151	0.905609	0.090561
391.559948	0.688263	0.887497	0.036224
391.585282	0.633926	0.796936	-0.054337
391.616752	0.615814	0.996170	0.072449
391.666210	0.688263	0.887497	0.000000
391.709897	0.543365	1.213516	0.307907
391.735025	0.525253	1.249741	0.108673
391.765396	0.525253	1.141068	-0.090561
391.785949	0.489029	1.050507	-0.199234
391.811469	0.434692	0.941833	-0.018112
391.839198	0.434692	0.778824	-0.036224
391.866905	0.416580	0.652039	-0.054337
391.894742	0.470917	0.597702	-0.090561
391.923075	0.452805	0.597702	-0.054337
391.945429	0.398468	0.670151	-0.090561
391.986137	0.398468	0.706375	-0.072449
392.013265	0.597702	0.670151	-0.163010
392.046931	0.688263	0.688263	-0.181122
392.070183	0.688263	0.742599	-0.307907
392.094807	0.815048	0.796936	-0.344131
392.123328	1.032394	0.815048	-0.326019
392.152803	1.032394	0.869385	-0.235458
392.177816	1.032394	0.869385	-0.326019
392.212144	0.833160	1.104843	0.072449
392.237193	0.525253	1.050507	0.036224
392.264659	0.217346	0.760712	-0.072449
392.296133	0.416580	0.778824	-0.054337
392.329077	0.398468	0.815048	0.108673
392.369128	0.344131	0.887497	0.199234
392.390302	0.344131	0.905609	0.126785
392.413889	0.543365	0.905609	0.108673
392.438175	0.543365	0.833160	0.126785
392.463288	0.470917	0.833160	0.199234
392.488375	0.398468	0.833160	0.163010
392.513233	0.434692	0.778824	0.072449
392.549202	0.543365	0.815048	0.072449
392.588858	0.525253	0.833160	0.126785
392.614263	0.543365	0.833160	0.144897
392.639132	0.543365	0.815048	0.126785
392.664064	0.525253	0.815048	0.163010
392.689383	0.507141	0.923721	0.253571
392.716330	0.525253	0.941833	0.217346
392.744706	0.615814	0.978058	0.163010
392.783341	0.597702	0.959946	0.144897
392.804673	0.597702	0.905609	0.163010
392.828171	0.615814	0.905609	0.072449
392.852078	0.670151	0.833160	0.000000
392.879474	0.615814	0.978058	0.108673
392.918504	0.670151	1.068619	0.090561
392.940604	0.525253	0.887497	0.036224
392.965055	0.489029	1.086731	0.072449
392.996958	0.507141	1.267853	0.108673
393.028009	0.561478	1.249741	-0.144897
393.069978	0.561478	1.104843	-0.181122
393.095413	0.525253	0.978058	-0.036224
393.117242	0.434692	0.796936	-0.054337
393.147710	0.416580	0.670151	-0.163010
393.178877	0.470917	0.652039	-0.181122
393.218835	0.380356	0.633926	-0.054337
393.246265	0.380356	0.652039	-0.036224
393.266998	0.416580	0.633926	-0.054337
393.295741	0.543365	0.633926	-0.108673
393.320155	0.652039	0.615814	-0.199234
393.348902	0.706375	0.652039	-0.307907
393.394415	1.050507	0.760712	-0.326019
393.417697	1.014282	0.869385	-0.326019
393.447380	0.978058	0.869385	-0.271683
393.493154	0.778824	1.213516	0.018112
393.518183	0.597702	1.195404	-0.126785
393.547292	0.380356	0.869385	-0.036224
393.569699	0.507141	0.815048	-0.072449
393.597716	0.380356	0.778824	0.126785
393.628851	0.199234	0.851273	0.181122
393.670196	0.398468	0.887497	0.090561
393.697193	0.543365	0.833160	0.090561
393.719002	0.543365	0.833160	0.108673
393.746118	0.543365	0.833160	0.108673
393.769227	0.543365	0.796936	0.090561
393.796844	0.543365	0.815048	0.018112
393.819486	0.525253	0.815048	0.054337
393.848966	0.507141	0.815048	0.072449
393.869669	0.543365	0.815048	0.054337
393.899009	0.561478	0.851273	0.090561
393.920539	0.579590	0.869385	0.108673
393.949019	0.507141	0.851273	0.163010
393.979951	0.470917	0.923721	0.163010
394.006576	0.489029	0.941833	0.144897
394.034611	0.543365	0.941833	0.090561
394.057119	0.579590	0.978058	0.072449
394.086745	0.615814	0.905609	0.054337
394.114875	0.670151	0.851273	0.018112
394.147225	0.724487	0.815048	0.072449
394.179346	0.760712	1.050507	0.072449
394.205698	0.615814	0.905609	0.036224
394.234378	0.615814	1.050507	-0.072449
394.257938	0.525253	1.231628	0.163010
394.287061	0.507141	1.231628	-0.018112
394.311370	0.470917	1.122955	-0.126785
394.338756	0.633926	1.068619	-0.144897
394.369564	0.561478	0.978058	-0.054337
394.399904	0.525253	0.815048	-0.036224
394.430102	0.470917	0.615814	-0.108673
394.468742	0.507141	0.579590	-0.144897
394.498245	0.362244	0.615814	-0.054337
394.522585	0.344131	0.652039	-0.036224
394.551559	0.470917	0.706375	-0.126785
394.581313	0.561478	0.652039	-0.199234
394.614608	0.706375	0.706375	-0.307907
394.646137	0.815048	0.688263	-0.307907
394.673415	0.923721	0.760712	-0.307907
394.700446	1.159180	0.778824	-0.416580
394.729382	1.014282	0.706375	-0.144897
394.757916	0.796936	0.978058	0.090561
394.788796	0.489029	1.249741	-0.126785
394.816394	0.416580	0.887497	-0.217346
394.845995	0.652039	0.887497	0.018112
394.872769	0.507141	0.815048	0.163010
394.902674	0.163010	0.887497	0.144897
394.931277	0.507141	0.905609	0.181122
394.962758	0.579590	0.796936	0.054337
394.994959	0.452805	0.742599	0.108673
395.034312	0.452805	0.796936	0.108673
395.074994	0.507141	0.796936	0.054337
395.100158	0.561478	0.869385	0.108673
395.130456	0.543365	0.869385	0.163010
395.176279	0.507141	0.887497	0.144897
395.201074	0.507141	0.941833	0.144897
395.230549	0.543365	0.923721	0.108673
395.251869	0.579590	0.923721	0.181122
395.281355	0.615814	0.923721	0.289795
395.301353	0.615814	0.869385	0.163010
395.330891	0.652039	0.833160	0.108673
395.376849	0.670151	1.086731	0.181122
395.401558	0.724487	0.959946	0.054337
395.431169	0.597702	0.815048	-0.036224
395.452803	0.489029	1.032394	0.144897
395.481040	0.362244	1.213516	0.126785
395.512425	0.543365	1.141068	-0.090561
395.552831	0.543365	1.086731	-0.253571
395.580911	0.543365	0.978058	-0.054337
395.602453	0.579590	0.923721	-0.054337
395.632363	0.507141	0.742599	-0.144897
395.653775	0.489029	0.652039	-0.217346
395.677483	0.452805	0.615814	-0.126785
395.703407	0.380356	0.670151	-0.090561
395.751049	0.362244	0.652039	-0.072449
395.772113	0.344131	0.633926	-0.090561
395.803364	0.561478	0.633926	-0.289795
395.833360	0.724487	0.597702	-0.344131
395.878690	1.141068	0.778824	-0.543365
395.903828	1.195404	0.815048	-0.434692
395.934861	0.978058	0.851273	-0.380356
395.957010	0.959946	1.177292	-0.163010
395.983114	0.833160	1.050507	0.072449
396.012694	0.235458	0.869385	-0.090561
396.051400	0.326019	0.724487	-0.199234
396.081502	0.380356	0.815048	0.271683
396.104660	0.452805	0.815048	0.108673
396.137234	0.452805	0.833160	0.054337
396.182000	0.652039	0.851273	0.090561
396.207114	0.507141	0.815048	0.108673
396.232002	0.489029	0.815048	0.090561
396.258846	0.452805	0.760712	0.072449
396.288146	0.489029	0.760712	0.018112
396.312710	0.525253	0.778824	0.054337
396.340413	0.543365	0.778824	0.072449
396.366302	0.615814	0.815048	0.072449
396.388564	0.615814	0.796936	0.072449
396.419531	0.615814	0.833160	0.108673
396.458242	0.615814	0.887497	0.054337
396.483386	0.597702	0.923721	0.181122
396.508499	0.652039	0.959946	0.235458
396.536300	0.652039	0.959946	0.163010
396.558755	0.706375	0.941833	0.090561
396.585276	0.742599	0.796936	-0.054337
396.613997	0.706375	0.796936	-0.018112
396.640176	0.724487	1.014282	0.126785
396.669989	0.670151	0.851273	0.126785
396.699520	0.633926	0.760712	0.054337
396.720771	0.561478	1.086731	-0.090561
396.748221	0.507141	1.213516	0.072449
396.779508	0.452805	1.267853	-0.253571
396.812512	0.670151	1.050507	-0.289795
396.837785	0.688263	1.014282	-0.163010
396.873408	0.543365	0.833160	-0.108673
396.916624	0.470917	0.597702	-0.144897
396.960886	0.398468	0.579590	-0.108673
396.985784	0.344131	0.615814	-0.126785
397.015081	0.380356	0.615814	-0.144897
397.035845	0.470917	0.633926	-0.235458
397.063475	0.688263	0.670151	-0.362244
397.091618	0.778824	0.688263	-0.489029
397.122599	0.833160	0.742599	-0.452805
397.150577	0.978058	0.778824	-0.452805
397.187171	0.905609	0.796936	-0.416580
397.215278	0.833160	0.724487	-0.416580
397.236734	0.688263	1.104843	-0.163010
397.264583	0.579590	1.249741	0.000000
397.292339	0.525253	0.833160	-0.036224
397.323129	0.525253	0.941833	0.018112
397.347849	0.489029	0.869385	0.144897
397.375316	0.344131	0.887497	0.144897
397.401298	0.307907	0.941833	0.199234
397.434791	0.452805	0.941833	0.090561
397.467120	0.452805	0.833160	0.090561
397.487735	0.398468	0.796936	0.036224
397.517319	0.362244	0.833160	0.108673
397.538373	0.380356	0.833160	0.126785
397.568088	0.489029	0.851273	0.163010
397.589844	0.543365	0.851273	0.126785
397.614628	0.507141	0.851273	0.108673
397.638799	0.543365	0.851273	0.090561
397.664950	0.543365	0.833160	0.181122
397.688223	0.452805	0.851273	0.235458
397.713228	0.470917	0.887497	0.108673
397.747065	0.470917	0.941833	0.090561
397.774011	0.507141	0.978058	0.163010
397.803160	0.507141	1.014282	0.199234
397.829284	0.525253	0.959946	0.199234
397.852157	0.615814	0.959946	0.144897
397.889610	0.670151	0.905609	0.054337
397.916261	0.688263	1.104843	0.199234
397.939831	0.706375	0.959946	0.036224
397.964335	0.633926	0.833160	-0.036224
397.998738	0.489029	0.959946	0.018112
398.030205	0.489029	1.122955	0.126785
398.056528	0.398468	1.177292	0.217346
398.086126	0.470917	1.141068	0.072449
398.117356	0.489029	1.122955	-0.126785
398.149197	0.543365	0.905609	0.036224
398.181132	0.470917	0.778824	-0.108673
398.213841	0.398468	0.670151	-0.144897
398.246892	0.380356	0.633926	-0.108673
398.287710	0.362244	0.615814	-0.126785
398.307925	0.362244	0.688263	-0.108673
398.330679	0.434692	0.688263	-0.144897
398.354384	0.525253	0.706375	-0.271683
398.391851	0.778824	0.760712	-0.434692
398.416348	0.941833	0.851273	-0.452805
398.441461	0.996170	0.851273	-0.416580
398.469451	0.923721	0.851273	-0.362244
398.502860	0.887497	0.869385	-0.362244
398.525856	0.815048	1.159180	-0.054337
398.553040	0.615814	1.122955	0.036224
398.581127	0.289795	0.833160	-0.108673
398.621710	0.416580	0.778824	-0.072449
398.642984	0.253571	0.887497	0.217346
398.667570	0.380356	0.923721	0.235458
398.692664	0.434692	0.941833	0.163010
398.719508	0.543365	0.851273	0.072449
398.764124	0.561478	0.851273	0.126785
398.791016	0.470917	0.815048	0.126785
398.816588	0.434692	0.796936	0.163010
398.850696	0.470917	0.778824	0.090561
398.873164	0.470917	0.815048	0.054337
398.898215	0.525253	0.833160	0.144897
398.919713	0.525253	0.851273	0.163010
398.945781	0.507141	0.851273	0.144897
398.969574	0.489029	0.851273	0.163010
398.998025	0.525253	0.923721	0.181122
399.026315	0.543365	0.941833	0.199234
399.055573	0.543365	1.014282	0.235458
399.079933	0.615814	0.996170	0.289795
399.107682	0.688263	0.905609	0.235458
399.137013	0.688263	0.887497	0.126785
399.163775	0.706375	0.833160	0.018112
399.200732	0.706375	0.978058	0.000000
399.245982	0.543365	0.887497	-0.072449
399.270802	0.452805	1.068619	0.181122
399.302429	0.452805	1.122955	0.144897
399.345720	0.416580	1.231628	-0.144897
399.371269	0.362244	1.086731	-0.126785
399.401700	0.452805	1.014282	-0.144897
399.424238	0.452805	0.815048	-0.217346
399.451818	0.489029	0.688263	-0.217346
399.496824	0.416580	0.652039	-0.144897
399.521950	0.398468	0.633926	-0.181122
399.553495	0.416580	0.652039	-0.163010
399.575457	0.470917	0.633926	-0.199234
399.601801	0.489029	0.633926	-0.217346
399.626110	0.597702	0.688263	-0.289795
399.654725	0.706375	0.724487	-0.380356
399.701773	0.941833	0.905609	-0.344131
399.722195	1.014282	0.905609	-0.271683
399.751900	0.941833	0.923721	-0.217346
399.774023	0.833160	1.104843	-0.199234
399.800958	0.470917	1.068619	-0.108673
399.832607	0.380356	0.905609	-0.018112
399.863951	0.434692	0.796936	0.054337
399.903705	0.416580	0.815048	0.054337
399.923698	0.398468	0.941833	0.126785
399.949409	0.398468	0.941833	0.126785
399.973916	0.416580	0.905609	0.126785
400.000076	0.489029	0.851273	0.126785
400.024169	0.507141	0.833160	0.108673
400.053516	0.434692	0.815048	0.163010
400.082422	0.434692	0.796936	0.126785
400.108317	0.470917	0.760712	0.072449
400.137509	0.507141	0.815048	0.090561
400.166992	0.507141	0.851273	0.090561
400.199943	0.398468	0.815048	0.054337
400.225030	0.525253	0.887497	0.163010
400.251967	0.615814	0.905609	0.235458
400.282803	0.670151	0.941833	0.235458
400.308798	0.688263	0.941833	0.253571
400.334947	0.670151	0.959946	0.253571
400.357330	0.597702	0.959946	0.181122
400.381329	0.706375	0.941833	0.054337
400.407134	0.760712	0.996170	0.108673
400.436735	0.760712	1.014282	0.126785
400.467715	0.724487	0.923721	-0.090561
400.501463	0.434692	1.032394	0.018112
400.526424	0.380356	1.322189	0.199234
400.554274	0.470917	1.249741	0.036224
400.584500	0.507141	1.141068	-0.235458
400.614148	0.579590	1.104843	-0.163010
400.653932	0.597702	0.996170	-0.072449
400.674313	0.434692	0.815048	-0.054337
400.701687	0.398468	0.615814	-0.217346
400.726798	0.362244	0.597702	-0.144897
400.765325	0.362244	0.615814	-0.163010
400.791628	0.380356	0.615814	-0.144897
400.817865	0.398468	0.615814	-0.181122
400.841340	0.434692	0.633926	-0.163010
400.869893	0.652039	0.633926	-0.307907
400.893617	0.760712	0.670151	-0.398468
400.921968	0.959946	0.760712	-0.543365
400.953522	0.905609	0.887497	-0.416580
400.978848	0.796936	0.815048	-0.380356
401.014246	0.688263	0.778824	-0.271683
401.052073	0.778824	1.104843	-0.108673
401.074521	0.507141	1.068619	-0.144897
401.104420	0.489029	0.978058	-0.036224
401.134240	0.507141	0.851273	0.036224
401.165375	0.253571	0.923721	0.235458
401.187589	0.434692	0.923721	0.126785
401.233110	0.507141	0.833160	0.072449
401.254910	0.507141	0.778824	0.054337
401.284703	0.489029	0.796936	0.090561
401.307456	0.452805	0.796936	0.144897
401.333211	0.470917	0.796936	0.126785
401.357877	0.525253	0.760712	0.072449
401.386669	0.561478	0.815048	0.072449
401.410027	0.561478	0.851273	0.108673
401.435364	0.543365	0.833160	0.090561
401.467984	0.579590	0.851273	0.144897
401.505943	0.543365	0.959946	0.090561
401.533177	0.543365	0.978058	0.108673
401.556191	0.633926	0.996170	0.126785
401.583150	0.633926	0.978058	0.181122
401.608371	0.670151	0.887497	0.090561
401.637714	0.742599	0.815048	0.018112
401.667617	0.706375	0.851273	-0.054337
401.699634	0.688263	1.014282	0.090561
401.732189	0.615814	0.923721	-0.036224
401.770762	0.579590	1.086731	0.199234
401.792608	0.470917	1.213516	0.235458
401.820096	0.525253	1.231628	0.126785
401.850665	0.597702	1.195404	-0.054337
401.883813	0.543365	1.104843	-0.217346
401.915304	0.507141	0.815048	-0.126785
401.953698	0.452805	0.670151	-0.163010
401.984666	0.380356	0.652039	-0.108673
402.008177	0.326019	0.633926	-0.108673
402.033252	0.326019	0.652039	-0.072449
402.058395	0.362244	0.652039	-0.126785
402.083513	0.507141	0.670151	-0.181122
402.109323	0.652039	0.633926	-0.326019
402.139537	0.778824	0.706375	-0.398468
402.167550	0.869385	0.724487	-0.416580
402.198969	1.032394	0.815048	-0.434692
402.239395	0.941833	0.742599	-0.326019
402.260394	0.815048	0.833160	-0.018112
402.287036	0.633926	1.177292	0.036224
402.308926	0.470917	1.086731	-0.253571
402.337455	0.652039	0.905609	0.090561
402.359141	0.489029	0.851273	0.108673
402.422158	0.289795	0.796936	0.163010
402.442541	0.271683	0.978058	0.307907
402.470062	0.416580	0.959946	0.199234
402.500055	0.452805	0.851273	0.090561
402.531544	0.489029	0.796936	0.090561
402.558040	0.452805	0.851273	0.108673
402.585134	0.470917	0.833160	0.072449
402.610271	0.543365	0.815048	0.072449
402.643904	0.543365	0.833160	0.126785
402.668756	0.507141	0.833160	0.126785
402.711245	0.525253	0.833160	0.090561
402.736507	0.543365	0.887497	0.126785
402.761547	0.543365	0.941833	0.163010
402.786653	0.579590	0.996170	0.199234
402.819479	0.597702	1.014282	0.235458
402.840996	0.615814	0.959946	0.217346
402.869668	0.652039	0.923721	0.126785
402.899066	0.706375	0.833160	0.036224
402.940101	0.688263	0.887497	0.018112
402.966891	0.652039	0.996170	0.072449
402.988564	0.561478	0.833160	-0.090561
403.018225	0.543365	0.996170	0.018112
403.040132	0.434692	1.195404	0.217346
403.071401	0.507141	1.231628	0.126785
403.117298	0.561478	1.141068	-0.217346
403.138721	0.452805	0.996170	0.018112
403.169181	0.470917	0.905609	0.144897
403.200586	0.470917	0.688263	-0.054337
403.226578	0.507141	0.633926	-0.181122
403.255443	0.416580	0.633926	-0.144897
403.281889	0.326019	0.579590	-0.108673
403.309891	0.289795	0.615814	-0.108673
403.331142	0.271683	0.688263	0.000000
403.369926	0.525253	0.652039	-0.181122
403.392454	0.652039	0.652039	-0.380356
403.420671	0.851273	0.833160	-0.434692
403.443208	1.050507	0.887497	-0.579590
403.470891	1.050507	0.905609	-0.452805
403.501980	0.941833	0.887497	-0.398468
403.524043	0.815048	0.923721	-0.072449
403.551841	0.815048	1.177292	-0.054337
403.587609	0.398468	1.014282	-0.181122
403.618995	0.489029	0.869385	0.181122
403.649208	0.344131	0.815048	0.181122
403.674839	0.217346	0.941833	0.235458
403.715804	0.452805	0.851273	0.018112
403.741075	0.470917	0.796936	0.018112
403.768550	0.452805	0.815048	0.072449
403.790601	0.416580	0.815048	0.090561
403.818941	0.416580	0.833160	0.108673
403.841460	0.507141	0.833160	0.018112
403.869131	0.525253	0.869385	0.054337
403.891699	0.525253	0.851273	0.054337
403.917890	0.543365	0.833160	0.090561
403.941920	0.507141	0.815048	0.126785
403.969336	0.543365	0.869385	0.072449
404.000585	0.561478	0.851273	0.018112
404.031908	0.579590	0.923721	0.090561
404.061977	0.597702	0.978058	0.163010
404.094514	0.597702	0.996170	0.199234
404.118148	0.652039	0.887497	0.018112
404.151716	0.688263	0.887497	-0.054337
404.192930	0.706375	1.050507	0.036224
404.218192	0.670151	0.905609	-0.072449
404.243275	0.489029	0.923721	-0.018112
404.272328	0.543365	1.177292	0.054337
404.301973	0.507141	1.249741	0.126785
404.338745	0.561478	1.177292	-0.054337
404.369688	0.561478	1.032394	-0.108673
404.393913	0.579590	0.978058	0.072449
404.422846	0.452805	0.760712	-0.054337
404.451247	0.416580	0.670151	-0.090561
404.482997	0.380356	0.633926	-0.126785
404.522342	0.380356	0.633926	-0.108673
404.544434	0.307907	0.688263	-0.072449
404.569408	0.380356	0.724487	-0.072449
404.594757	0.543365	0.742599	-0.108673
404.623470	0.688263	0.724487	-0.235458
404.651814	0.760712	0.778824	-0.326019
404.683312	0.833160	0.815048	-0.344131
404.723298	1.050507	0.815048	-0.362244
404.745449	0.887497	0.778824	-0.289795
404.771010	0.833160	0.923721	-0.054337
404.799025	0.724487	1.249741	-0.163010
404.828887	0.525253	1.032394	-0.126785
404.859504	0.543365	0.869385	-0.144897
404.887361	0.597702	0.778824	0.126785
404.917070	0.380356	0.905609	0.199234
404.950950	0.217346	0.996170	0.289795
404.990981	0.326019	0.905609	0.126785
405.011326	0.434692	0.760712	0.036224
405.087162	0.470917	0.851273	0.090561
405.124914	0.561478	0.815048	0.072449
405.150540	0.543365	0.851273	0.144897
405.188466	0.597702	0.815048	0.072449
405.209728	0.615814	0.778824	0.036224
405.253518	0.579590	0.869385	0.126785
405.275451	0.543365	0.941833	0.163010
405.299474	0.579590	0.978058	0.163010
405.322515	0.688263	0.996170	0.199234
405.352326	0.688263	0.959946	0.181122
405.386710	0.706375	0.887497	0.054337
405.415586	0.760712	0.778824	-0.072449
405.444947	0.670151	0.778824	-0.126785
405.473123	0.633926	0.887497	-0.126785
405.495595	0.670151	0.923721	-0.054337
405.523559	0.633926	1.249741	0.199234
405.548290	0.633926	1.213516	-0.036224
405.575652	0.633926	1.068619	-0.217346
405.599363	0.597702	0.978058	-0.271683
405.636398	0.561478	0.923721	-0.181122
405.658952	0.470917	0.833160	-0.054337
405.686623	0.452805	0.706375	-0.072449
405.716451	0.470917	0.615814	-0.163010
405.756653	0.470917	0.597702	-0.163010
405.799989	0.416580	0.688263	-0.090561
405.825117	0.470917	0.706375	-0.163010
405.854653	0.615814	0.670151	-0.199234
405.878441	0.706375	0.688263	-0.307907
405.904843	0.760712	0.742599	-0.398468
405.934379	0.941833	0.796936	-0.452805
405.966292	1.086731	0.833160	-0.416580
406.008611	0.941833	0.778824	-0.344131
406.028823	0.706375	0.887497	-0.090561
406.055477	0.670151	1.213516	-0.181122
406.075554	0.597702	1.104843	-0.289795
406.105766	0.724487	0.796936	-0.090561
406.152581	0.452805	0.778824	-0.072449
406.184125	0.362244	0.778824	-0.072449
406.206557	0.398468	1.014282	0.126785
406.226924	0.615814	0.923721	0.144897
406.255678	0.615814	0.778824	0.144897
406.276802	0.525253	0.688263	-0.054337
406.301542	0.489029	0.778824	-0.072449
406.326666	0.525253	0.833160	0.018112
406.351787	0.597702	0.815048	-0.036224
406.376884	0.633926	0.796936	0.000000
406.403686	0.615814	0.796936	0.036224
406.427170	0.615814	0.760712	0.036224
406.454148	0.670151	0.742599	0.000000
406.477416	0.597702	0.778824	0.054337
406.516930	0.579590	0.851273	0.054337
406.542844	0.561478	0.869385	0.036224
406.571620	0.633926	0.905609	0.018112
406.600581	0.706375	0.978058	0.054337
406.639977	0.706375	0.941833	0.108673
406.678799	0.760712	0.905609	-0.126785
406.703944	0.815048	1.050507	-0.054337
406.729035	0.778824	0.905609	-0.036224
406.753577	0.760712	0.796936	0.036224
406.778686	0.579590	0.959946	0.144897
406.805323	0.579590	1.068619	0.144897
406.828920	0.543365	1.104843	-0.072449
406.854569	0.652039	1.014282	-0.144897
406.890162	0.615814	0.923721	-0.235458
406.919656	0.525253	0.869385	-0.090561
406.951156	0.543365	0.760712	-0.036224
406.983360	0.543365	0.670151	-0.036224
407.008022	0.543365	0.579590	-0.163010
407.036025	0.561478	0.652039	-0.108673
407.057449	0.525253	0.670151	-0.054337
407.081042	0.452805	0.688263	-0.090561
407.107101	0.470917	0.706375	-0.144897
407.158045	0.597702	0.670151	-0.235458
407.185480	0.706375	0.706375	-0.307907
407.207123	0.851273	0.742599	-0.326019
407.236962	1.068619	0.706375	-0.344131
407.268412	1.068619	0.706375	-0.452805
407.289954	0.978058	0.688263	-0.289795
407.332017	0.851273	1.141068	0.036224
407.357086	0.470917	0.869385	-0.108673
407.387643	0.543365	0.905609	-0.018112
407.410838	0.561478	0.760712	0.108673
407.437485	0.398468	0.833160	0.072449
407.468674	0.307907	0.996170	0.253571
407.500425	0.398468	0.941833	0.181122
407.542847	0.543365	0.796936	0.000000
407.563348	0.543365	0.724487	0.018112
407.608001	0.525253	0.796936	0.072449
407.635816	0.561478	0.778824	0.018112
407.658337	0.543365	0.815048	0.036224
407.686746	0.579590	0.833160	0.036224
407.713124	0.543365	0.815048	0.036224
407.739097	0.543365	0.833160	0.108673
407.761678	0.561478	0.869385	0.090561
407.789919	0.543365	0.851273	0.054337
407.819891	0.543365	0.905609	0.090561
407.859214	0.652039	0.941833	0.181122
407.885890	0.724487	0.923721	0.163010
407.909479	0.688263	0.833160	0.090561
407.937418	0.742599	0.905609	0.018112
407.969172	0.742599	0.996170	0.108673
407.995748	0.778824	0.869385	0.018112
408.024995	0.706375	0.688263	-0.036224
408.054292	0.543365	0.887497	-0.072449
408.085077	0.579590	1.104843	-0.090561
408.110439	0.670151	1.068619	-0.271683
408.154450	0.670151	0.996170	-0.289795
408.186695	0.579590	0.796936	-0.036224
408.210877	0.489029	0.688263	-0.108673
408.235318	0.507141	0.615814	-0.163010
408.270435	0.507141	0.579590	-0.235458
408.296952	0.507141	0.615814	-0.199234
408.323615	0.470917	0.633926	-0.108673
408.350912	0.470917	0.670151	-0.054337
408.375751	0.561478	0.633926	-0.108673
408.405167	0.688263	0.670151	-0.126785
408.435675	0.724487	0.597702	-0.344131
408.461348	0.905609	0.706375	-0.434692
408.506691	1.050507	0.706375	-0.452805
408.538003	0.869385	0.706375	-0.344131
408.562404	0.815048	0.670151	0.036224
408.586899	0.688263	0.959946	-0.199234
408.617819	0.833160	1.195404	-0.054337
408.655438	0.833160	0.869385	-0.036224
408.688491	0.489029	0.706375	0.036224
408.713057	0.416580	0.760712	0.126785
408.740752	0.470917	0.996170	0.253571
408.770664	0.543365	0.941833	0.253571
408.795294	0.615814	0.706375	-0.090561
408.838843	0.525253	0.760712	0.054337
408.863727	0.543365	0.778824	0.090561
408.890568	0.543365	0.796936	0.090561
408.913939	0.652039	0.778824	0.072449
408.940494	0.670151	0.724487	0.090561
408.968901	0.652039	0.760712	0.108673
409.007690	0.633926	0.778824	0.054337
409.028702	0.633926	0.796936	0.126785
409.071010	0.652039	0.760712	0.144897
409.115474	0.633926	0.869385	0.126785
409.139972	0.652039	0.815048	0.144897
409.169830	0.633926	0.815048	0.253571
409.190207	0.706375	0.796936	0.126785
409.222869	0.742599	0.796936	0.126785
409.265892	0.652039	0.815048	0.054337
409.290699	0.633926	0.760712	0.036224
409.320040	0.688263	0.742599	0.144897
409.341149	0.633926	0.978058	0.344131
409.370607	0.815048	0.978058	0.271683
409.396338	0.815048	0.815048	0.054337
409.421817	0.670151	0.905609	0.126785
409.453571	0.470917	0.978058	0.181122
409.476476	0.452805	1.032394	0.072449
409.503848	0.489029	1.177292	0.144897
409.542337	0.561478	1.141068	0.018112
409.562133	0.561478	0.941833	0.018112
409.592056	0.452805	0.833160	0.018112
409.619709	0.434692	0.796936	0.000000
409.642233	0.452805	0.815048	0.018112
409.670271	0.470917	0.815048	-0.036224
409.696149	0.561478	0.815048	-0.072449
409.722401	0.579590	0.833160	-0.072449
409.746270	0.597702	0.869385	-0.072449
409.770892	0.597702	0.869385	-0.126785
409.792747	0.597702	0.851273	-0.181122
409.819748	0.543365	0.869385	-0.108673
409.843119	0.688263	0.796936	-0.199234
409.873394	0.670151	0.742599	-0.181122
409.903680	0.652039	0.742599	-0.181122
409.923969	0.670151	0.724487	-0.217346
409.945076	0.633926	0.706375	-0.126785
409.972790	0.706375	0.760712	-0.144897
410.002538	0.706375	0.760712	-0.144897
410.024129	0.670151	0.815048	-0.163010
410.044882	0.633926	0.815048	-0.181122
410.068521	0.579590	0.833160	-0.108673
410.093962	0.597702	0.833160	-0.144897
410.124129	0.670151	0.815048	-0.144897
410.146363	0.670151	0.851273	-0.126785
410.170259	0.652039	0.815048	-0.163010
410.196161	0.688263	0.815048	-0.181122
410.222657	0.633926	0.796936	-0.144897
410.251838	0.652039	0.796936	-0.072449
410.274177	0.688263	0.796936	-0.144897
410.295062	0.706375	0.796936	-0.126785
410.320641	0.670151	0.778824	0.126785
410.344685	0.652039	0.760712	-0.036224
410.377953	0.688263	0.815048	-0.072449
410.406999	0.670151	0.815048	-0.072449
410.428011	0.724487	0.815048	-0.108673
410.451702	0.633926	0.796936	-0.126785
410.477746	0.633926	0.778824	-0.108673
410.504755	0.688263	0.833160	-0.235458
410.539982	0.706375	0.833160	-0.253571
410.572429	0.887497	0.706375	-0.271683
410.596437	0.815048	0.796936	-0.362244
410.624771	0.869385	0.670151	-0.344131
410.653150	0.887497	0.652039	-0.235458
410.691513	0.796936	0.706375	-0.307907
410.713224	0.706375	0.724487	-0.470917
410.739572	0.815048	0.652039	-0.597702
410.769302	0.851273	0.706375	-0.561478
410.801838	0.905609	0.615814	-0.199234
410.824985	0.941833	0.579590	-0.887497
410.846896	0.742599	0.579590	-0.905609
410.885777	0.724487	0.434692	-0.815048
410.914260	0.561478	0.344131	-0.525253
410.943199	0.652039	0.326019	-0.543365
410.972270	0.742599	0.289795	-0.760712
411.002346	0.796936	0.253571	-0.887497
411.041169	0.525253	0.271683	-0.996170
411.073013	0.579590	0.326019	-0.796936
411.104008	0.742599	0.307907	-0.615814
411.127220	0.851273	0.126785	-0.597702
411.154484	0.742599	0.072449	-0.652039
411.191062	0.688263	0.072449	-0.670151
411.224234	0.398468	0.144897	-1.141068
411.254419	0.452805	-0.018112	-0.833160
411.275776	0.489029	-0.054337	-0.615814
411.304508	0.507141	0.054337	-0.688263
411.325337	0.452805	0.072449	-0.742599
411.358239	0.452805	-0.054337	-0.978058
411.392525	0.344131	-0.054337	-1.340302
411.414340	0.235458	-0.054337	-1.159180
411.438538	0.362244	-0.108673	-0.923721
411.473101	0.416580	-0.217346	-0.905609
411.494743	0.362244	-0.163010	-0.869385
411.523066	0.344131	-0.036224	-0.851273
411.550516	0.235458	-0.253571	-0.978058
411.576484	0.253571	-0.217346	-1.014282
411.608685	0.018112	-0.144897	-1.141068
411.657412	0.054337	-0.054337	-1.050507
411.679631	0.036224	-0.072449	-0.959946
411.705926	-0.036224	-0.144897	-0.959946
411.730025	-0.072449	-0.126785	-0.923721
411.751865	-0.072449	0.018112	-1.014282
411.776028	-0.054337	-0.054337	-1.068619
411.801908	-0.072449	-0.235458	-1.014282
411.826234	-0.054337	-0.126785	-0.959946
411.856528	-0.036224	-0.090561	-0.978058
411.908582	0.018112	-0.144897	-1.014282
411.930840	0.018112	-0.126785	-1.032394
411.953896	0.036224	-0.199234	-1.068619
411.981161	0.054337	-0.217346	-1.086731
412.010268	0.090561	-0.181122	-1.050507
412.038298	0.108673	-0.217346	-1.086731
412.075260	0.090561	-0.217346	-1.104843
412.104189	0.108673	-0.199234	-1.032394
412.128196	0.108673	-0.199234	-1.032394
412.153647	0.090561	-0.199234	-1.050507
412.178502	0.108673	-0.199234	-1.050507
412.204471	0.072449	-0.199234	-0.978058
412.228653	0.108673	-0.199234	-1.032394
412.281421	0.144897	-0.199234	-1.032394
412.304748	0.108673	-0.181122	-1.032394
412.329212	0.126785	-0.163010	-1.032394
412.353766	0.090561	-0.199234	-1.068619
412.386890	0.108673	-0.181122	-1.050507
412.425031	0.072449	-0.181122	-1.032394
