989.420495	0.289795	-0.054337	-1.014282
989.462063	0.289795	-0.072449	-0.996170
989.495811	0.271683	-0.054337	-0.996170
989.520978	0.271683	-0.054337	-0.996170
989.546434	0.271683	-0.036224	-1.014282
989.571127	0.289795	-0.036224	-1.014282
989.597024	0.289795	-0.036224	-0.996170
989.621457	0.307907	0.018112	-0.996170
989.647144	0.380356	0.072449	-0.959946
989.671759	0.344131	0.108673	-0.996170
989.699008	0.326019	0.126785	-0.941833
989.728629	0.271683	0.126785	-0.869385
989.752990	0.235458	0.144897	-0.869385
989.797331	0.326019	0.181122	-0.706375
989.822452	0.307907	0.217346	-0.796936
989.849269	0.307907	0.199234	-0.851273
989.881522	0.289795	0.326019	-0.760712
989.922884	0.398468	0.380356	-0.579590
989.948059	0.380356	0.398468	-0.561478
989.973021	0.434692	0.507141	-0.652039
990.002256	0.489029	0.561478	-0.561478
990.031100	0.561478	0.652039	-0.615814
990.061657	0.579590	0.796936	-0.724487
990.091247	0.579590	0.887497	-0.796936
990.118540	0.525253	0.887497	-0.869385
990.140860	0.652039	0.959946	-0.815048
990.167578	0.778824	1.068619	-0.959946
990.195650	0.869385	1.122955	-1.086731
990.234409	0.978058	1.141068	-1.104843
990.255986	0.978058	1.122955	-1.014282
990.300585	0.923721	0.941833	-0.489029
990.324671	0.887497	0.869385	-0.452805
990.351874	0.778824	0.851273	-0.452805
990.383339	0.724487	0.796936	-0.326019
990.403623	0.742599	0.778824	-0.344131
990.429695	0.688263	0.815048	-0.271683
990.467346	0.561478	0.923721	-0.380356
990.488229	0.416580	0.923721	-0.326019
990.532140	0.398468	0.978058	-0.869385
990.576434	0.344131	0.833160	-0.452805
990.600920	0.307907	0.815048	-0.561478
990.630624	0.362244	0.652039	0.217346
990.652034	0.199234	0.434692	-0.724487
990.679614	0.271683	0.489029	-0.271683
990.719925	0.054337	0.615814	-0.090561
990.741583	0.163010	0.633926	-0.126785
990.769809	0.217346	0.688263	-0.362244
990.790280	-0.090561	0.978058	-0.543365
990.833430	-0.054337	1.086731	-0.434692
990.865945	-0.054337	1.050507	-0.326019
990.887440	0.108673	0.815048	-0.326019
990.931492	0.054337	0.887497	-0.633926
990.953838	0.344131	1.141068	-0.344131
990.981251	0.253571	1.249741	-0.307907
991.012740	0.217346	1.122955	-0.235458
991.053273	0.054337	1.068619	-0.163010
991.081681	0.000000	0.851273	-0.036224
991.103059	0.163010	1.032394	-0.072449
991.130717	-0.036224	1.141068	-0.398468
991.154133	0.054337	0.597702	0.235458
991.178995	0.054337	0.869385	-0.271683
991.214448	-0.018112	1.159180	-0.633926
991.241539	-0.144897	1.159180	-0.507141
991.266912	0.271683	0.796936	-0.380356
991.299858	0.054337	0.706375	-0.144897
991.321748	0.000000	0.760712	0.380356
991.347979	0.072449	0.706375	0.054337
991.379706	0.036224	0.887497	-0.108673
991.417794	0.108673	0.688263	-0.271683
991.439728	-0.199234	2.318359	-0.978058
991.471076	-0.452805	1.630096	-0.362244
991.504882	-0.833160	0.887497	0.036224
991.529395	-0.271683	0.996170	-0.217346
991.554495	-0.181122	1.032394	-0.181122
991.596512	-0.235458	0.978058	-0.199234
991.636613	-0.235458	0.959946	-0.199234
991.680608	-0.217346	1.050507	-0.217346
991.705816	-0.253571	0.978058	-0.217346
991.740868	-0.235458	0.978058	-0.181122
991.781125	-0.235458	0.996170	-0.199234
991.806267	-0.253571	0.959946	-0.217346
991.831471	-0.235458	0.959946	-0.199234
991.856518	-0.217346	0.978058	-0.199234
991.881736	-0.235458	0.978058	-0.199234
991.906749	-0.271683	0.941833	-0.181122
991.933620	-0.253571	0.978058	-0.217346
991.956952	-0.199234	1.050507	-0.253571
991.984124	-0.163010	1.104843	-0.181122
992.006582	-0.144897	1.086731	-0.163010
992.035138	-0.199234	1.050507	-0.199234
992.056780	-0.181122	0.996170	-0.235458
992.099085	-0.217346	0.996170	-0.199234
992.124743	-0.253571	0.996170	-0.253571
992.149497	-0.235458	0.941833	-0.289795
992.175694	-0.163010	0.941833	-0.326019
992.201775	-0.181122	0.996170	-0.289795
992.229672	-0.217346	0.996170	-0.326019
992.258333	-0.163010	0.941833	-0.362244
992.282906	-0.144897	0.923721	-0.362244
992.308000	-0.181122	0.851273	-0.416580
992.340146	-0.126785	0.815048	-0.416580
992.366233	-0.036224	0.851273	-0.452805
992.401527	-0.018112	0.941833	-0.434692
992.422195	-0.036224	0.941833	-0.489029
992.446814	-0.072449	0.887497	-0.507141
992.474248	-0.072449	0.887497	-0.507141
992.510834	0.072449	1.032394	-0.543365
992.534699	0.072449	1.122955	-0.507141
992.564553	0.018112	1.122955	-0.525253
992.586217	-0.054337	1.050507	-0.652039
992.615420	0.036224	1.032394	-0.724487
992.652354	-0.036224	1.159180	-0.253571
992.673627	-0.344131	1.304077	-0.380356
992.699619	-0.652039	1.141068	-0.253571
992.738513	-0.416580	0.869385	-0.235458
992.764898	-0.326019	0.742599	-0.054337
992.786801	-0.615814	1.086731	-0.344131
992.811154	-0.507141	1.122955	-0.271683
992.855440	-0.344131	1.014282	-0.235458
992.886334	-0.434692	0.778824	-0.253571
992.915791	-0.416580	0.887497	-0.326019
992.937277	-0.326019	0.978058	-0.163010
992.968538	-0.271683	0.978058	-0.181122
992.996033	-0.398468	0.778824	-0.326019
993.025269	-0.326019	0.833160	-0.452805
993.055654	-0.307907	0.851273	-0.289795
993.084821	-0.380356	0.851273	-0.199234
993.124783	-0.326019	0.851273	-0.253571
993.162713	-0.398468	0.923721	-0.362244
993.187483	-0.434692	0.869385	-0.398468
993.214909	-0.543365	0.833160	-0.380356
993.246459	-0.561478	0.869385	-0.307907
993.289278	-0.597702	0.905609	-0.181122
993.325060	-0.253571	0.778824	-0.507141
993.347216	-0.018112	0.652039	-0.362244
993.371560	-0.144897	0.670151	0.018112
993.418207	-1.249741	1.539536	0.018112
993.438704	-1.014282	2.137238	-0.217346
993.466800	-0.833160	1.611984	-0.181122
993.505354	-0.289795	1.249741	-0.144897
993.539135	0.054337	0.815048	0.344131
993.565507	-0.163010	0.652039	-0.126785
993.589363	-0.434692	0.579590	-0.489029
993.618365	-0.307907	0.633926	-0.398468
993.648895	-0.380356	0.489029	-0.289795
993.681851	-0.470917	0.470917	-0.217346
993.714784	-0.398468	0.670151	-0.307907
993.753760	-0.289795	0.652039	-0.380356
993.774113	-0.036224	0.778824	-0.470917
993.802443	0.416580	1.231628	-0.869385
993.833737	-0.054337	1.358414	-0.688263
993.855106	0.054337	1.086731	-0.905609
993.891314	-1.122955	1.919891	-0.525253
993.921408	-0.923721	0.507141	-0.072449
993.970521	-1.086731	0.652039	-0.072449
993.991204	-0.507141	1.213516	-0.235458
994.016837	-0.307907	0.905609	-0.398468
994.048026	-0.561478	0.543365	-0.181122
994.086076	-0.561478	0.652039	0.018112
994.117357	-0.253571	0.941833	-0.326019
994.141786	-0.344131	0.778824	-0.326019
994.166401	-0.344131	0.688263	-0.326019
994.191999	-0.362244	0.742599	-0.307907
994.220166	-0.507141	0.959946	-0.271683
994.249275	-0.416580	0.851273	-0.289795
994.281165	-0.380356	0.905609	-0.344131
994.322176	-0.452805	0.905609	-0.362244
994.358809	-0.380356	0.760712	-0.434692
994.380140	-0.470917	0.706375	-0.362244
994.405299	-0.742599	0.923721	-0.181122
994.430112	-0.760712	0.905609	-0.344131
994.483358	-0.217346	0.706375	-0.525253
994.505571	-0.072449	0.706375	-0.235458
994.533004	-0.362244	0.869385	0.108673
994.557372	-0.778824	1.104843	0.307907
994.585536	-1.593872	1.811218	-0.217346
994.623453	-0.688263	1.557648	-0.271683
994.649961	-0.181122	0.905609	0.144897
994.696362	-0.181122	0.597702	-0.199234
994.719381	-0.416580	0.507141	-0.452805
994.749678	-0.326019	0.579590	-0.362244
994.771557	-0.398468	0.380356	-0.434692
994.801191	-0.344131	0.398468	-0.307907
994.832166	-0.289795	0.543365	-0.362244
994.864676	-0.126785	0.670151	-0.326019
994.895275	0.507141	1.503311	-0.959946
994.923221	-0.199234	1.285965	-0.959946
994.954897	-0.181122	1.141068	-0.778824
994.981622	0.163010	0.724487	-0.163010
995.018119	-0.217346	1.611984	-0.253571
995.040566	-1.430862	1.611984	0.090561
995.063833	-1.467087	0.470917	-0.253571
995.100939	-0.470917	0.923721	-0.362244
995.146143	-0.543365	0.941833	-0.235458
995.171449	-0.688263	0.688263	0.036224
995.201268	-0.633926	0.760712	0.289795
995.226394	-0.253571	0.796936	-0.434692
995.253029	-0.289795	0.833160	-0.253571
995.283118	-0.434692	0.579590	-0.452805
995.315529	-0.380356	0.688263	-0.235458
995.349081	-0.507141	0.851273	-0.289795
995.409242	-0.398468	0.923721	-0.398468
995.450419	-0.489029	0.742599	-0.507141
995.472739	-0.507141	0.633926	-0.307907
995.501952	-0.742599	0.778824	-0.163010
995.531029	-0.923721	0.778824	-0.452805
995.557675	-0.235458	0.905609	-0.452805
995.598265	-0.470917	0.869385	0.163010
995.623385	-0.670151	1.032394	0.362244
995.650106	-1.648209	1.666321	-0.362244
995.680990	-1.141068	1.992340	-0.307907
995.719377	-0.706375	1.448975	-0.253571
995.740775	-0.452805	1.122955	-0.072449
995.766721	-0.126785	0.760712	0.144897
995.800271	-0.090561	0.615814	0.307907
995.831624	-0.307907	0.615814	-0.380356
995.859159	-0.470917	0.507141	-0.307907
995.889610	-0.362244	0.362244	-0.344131
995.920302	-0.253571	0.452805	-0.344131
995.947474	-0.108673	0.416580	-0.398468
995.987016	0.018112	0.543365	-0.362244
996.007129	0.597702	1.521423	-1.050507
996.051992	-0.217346	1.213516	-0.724487
996.075367	-0.108673	0.941833	-0.036224
996.102581	-0.633926	1.774994	-0.579590
996.131836	-1.267853	0.869385	0.090561
996.172583	-1.141068	0.344131	-0.144897
996.201902	-0.489029	1.122955	-0.271683
996.226053	-0.380356	1.104843	-0.416580
996.254034	-0.633926	0.833160	-0.235458
996.283712	-0.688263	0.615814	-0.126785
996.326520	-0.326019	0.923721	-0.289795
996.351590	-0.398468	0.688263	-0.344131
996.376774	-0.434692	0.706375	-0.271683
996.401250	-0.416580	0.742599	-0.289795
996.426342	-0.452805	0.833160	-0.326019
996.470259	-0.507141	0.978058	-0.362244
996.501527	-0.362244	0.851273	-0.307907
996.537401	-0.398468	0.869385	-0.398468
996.567218	-0.434692	0.833160	-0.307907
996.628524	-0.525253	0.688263	-0.380356
996.652951	-0.181122	0.724487	-0.416580
996.677448	-0.018112	0.633926	-0.163010
996.713527	-0.380356	0.778824	0.072449
996.737328	-0.869385	1.213516	0.380356
996.768923	-1.793106	1.901779	-0.307907
996.799758	-1.122955	1.938004	-0.326019
996.837457	-0.670151	1.430862	-0.271683
996.857575	-0.380356	1.231628	-0.144897
996.885201	-0.199234	0.633926	0.018112
996.936259	-0.362244	0.525253	-0.416580
996.958371	-0.362244	0.398468	-0.434692
996.992590	-0.434692	0.289795	-0.362244
997.029611	-0.235458	0.597702	-0.289795
997.054698	-0.181122	0.887497	-0.144897
997.083792	0.434692	1.412750	-1.122955
997.105856	0.289795	1.285965	-1.050507
997.129765	-0.144897	1.213516	-0.724487
997.155622	-0.018112	1.267853	-0.652039
997.188019	-0.959946	2.082901	-0.199234
997.224695	-1.249741	0.941833	-0.525253
997.255537	-0.706375	0.561478	-0.072449
997.280084	-0.724487	1.412750	-0.217346
997.306807	-0.470917	1.412750	-0.289795
997.337879	-0.579590	0.597702	-0.307907
997.385243	-0.507141	0.561478	-0.398468
997.405659	-0.108673	1.014282	-0.235458
997.430718	-0.380356	0.923721	-0.036224
997.470885	-0.326019	0.633926	-0.398468
997.502351	-0.398468	0.706375	-0.344131
997.535341	-0.398468	0.869385	-0.307907
997.572258	-0.398468	0.887497	-0.253571
997.603382	-0.561478	0.833160	-0.362244
997.638749	-0.398468	0.760712	-0.507141
997.682440	-0.833160	0.851273	-0.307907
997.707559	-0.724487	0.869385	-0.344131
997.733020	-0.289795	0.742599	-0.416580
997.773084	-0.054337	0.670151	0.000000
997.799702	-0.344131	0.706375	0.054337
997.821624	-0.996170	1.195404	0.398468
997.855712	-1.774994	1.702545	-0.144897
997.875964	-0.978058	1.847443	-0.271683
997.907808	-0.344131	1.159180	-0.018112
997.936763	-0.072449	0.815048	0.362244
997.977789	-0.126785	0.561478	0.181122
998.009739	-0.326019	0.561478	-0.398468
998.034801	-0.362244	0.652039	-0.344131
998.067847	-0.398468	0.326019	-0.416580
998.090006	-0.362244	0.217346	-0.326019
998.118240	-0.344131	0.470917	-0.253571
998.148902	-0.072449	1.032394	-0.326019
998.187165	-0.018112	1.141068	-1.014282
998.209581	-0.362244	1.141068	-0.796936
998.234714	0.036224	1.104843	-0.760712
998.261128	-0.181122	1.141068	-0.271683
998.289172	-1.249741	1.883667	-0.507141
998.317798	-1.213516	0.597702	-0.018112
998.355038	-0.833160	0.470917	-0.126785
998.375080	-0.688263	0.905609	-0.253571
998.401317	-0.398468	1.322189	-0.380356
998.435645	-0.742599	0.434692	-0.163010
998.466565	-0.633926	0.633926	0.090561
998.506271	-0.434692	0.706375	-0.452805
998.526556	-0.181122	0.905609	-0.362244
998.554917	-0.398468	0.815048	-0.072449
998.586061	-0.289795	0.688263	-0.434692
998.618669	-0.452805	0.923721	-0.307907
998.655702	-0.398468	0.905609	-0.326019
998.676258	-0.489029	0.742599	-0.416580
998.723518	-0.507141	0.796936	-0.470917
998.755882	-0.543365	0.670151	-0.398468
998.787713	-0.833160	0.978058	-0.199234
998.812764	-0.507141	0.887497	-0.434692
998.860794	0.036224	0.778824	-0.398468
998.890885	-0.108673	0.742599	0.181122
998.918335	-0.670151	0.833160	0.307907
998.948682	-1.412750	1.448975	0.036224
998.986433	-0.905609	1.702545	-0.271683
999.009202	-0.452805	1.231628	0.018112
999.038399	-0.108673	0.633926	0.181122
999.064206	-0.163010	0.652039	-0.018112
999.100564	-0.362244	0.579590	-0.380356
999.141465	-0.398468	0.561478	-0.362244
999.167780	-0.344131	0.307907	-0.271683
999.188603	-0.217346	0.489029	-0.434692
999.218035	-0.090561	0.579590	-0.489029
999.249691	0.217346	1.141068	-0.416580
999.287621	0.452805	1.503311	-0.742599
999.319359	-0.289795	1.068619	-0.615814
999.341475	0.090561	0.851273	-0.579590
999.369047	-0.362244	1.014282	0.326019
999.399712	-1.883667	1.557648	-0.217346
999.422083	-0.815048	0.416580	-0.253571
999.458829	-0.507141	0.724487	-0.108673
999.485255	-0.525253	1.249741	-0.289795
999.516922	-0.398468	1.304077	-0.326019
999.554334	-0.615814	0.796936	-0.307907
999.577229	-0.941833	0.543365	0.036224
999.603573	-0.416580	0.724487	-0.525253
999.625544	-0.561478	0.796936	-0.090561
999.666572	-0.434692	0.670151	-0.307907
999.700811	-0.452805	0.778824	-0.344131
999.725469	-0.344131	0.959946	-0.326019
999.766222	-0.434692	0.851273	-0.380356
999.794714	-0.561478	0.851273	-0.416580
999.835051	-0.507141	0.742599	-0.470917
999.868315	-0.597702	0.633926	-0.434692
999.891734	-0.742599	0.941833	-0.307907
999.925195	-0.362244	0.796936	-0.398468
999.968654	0.072449	0.633926	-0.054337
1000.000951	-0.217346	0.742599	0.072449
1000.033211	-0.941833	1.141068	0.380356
1000.076437	-1.774994	1.666321	-0.163010
1000.118654	-0.289795	1.032394	0.217346
1000.143408	-0.054337	0.760712	0.289795
1000.167930	-0.199234	0.742599	0.000000
1000.201909	-0.398468	0.597702	-0.362244
1000.232951	-0.398468	0.525253	-0.326019
1000.258952	-0.416580	0.108673	-0.380356
1000.289000	-0.362244	0.271683	-0.253571
1000.319846	-0.235458	0.470917	-0.344131
1000.350898	0.108673	1.412750	-0.489029
1000.382643	0.561478	1.539536	-1.068619
1000.424019	-0.289795	1.322189	-0.923721
1000.454507	-0.271683	1.213516	0.235458
1000.494975	-1.720657	0.760712	0.072449
1000.520120	-0.778824	0.633926	-0.163010
1000.545234	-0.615814	0.941833	-0.144897
1000.573186	-0.344131	1.122955	-0.452805
1000.602223	-0.489029	0.941833	-0.398468
1000.633249	-0.778824	0.597702	0.018112
1000.673391	-0.688263	0.507141	-0.090561
1000.701728	-0.199234	0.923721	-0.217346
1000.723479	-0.398468	0.833160	-0.271683
1000.751836	-0.271683	0.670151	-0.416580
1000.792087	-0.344131	0.742599	-0.289795
1000.812429	-0.434692	0.815048	-0.271683
1000.838327	-0.434692	0.887497	-0.398468
1000.885140	-0.398468	0.978058	-0.344131
1000.905611	-0.489029	0.760712	-0.362244
1000.941490	-0.507141	0.615814	-0.434692
1000.971865	-0.887497	0.869385	-0.326019
1001.002683	-0.507141	0.869385	-0.398468
1001.048430	-0.199234	0.633926	0.072449
1001.072645	-0.416580	0.670151	0.126785
1001.101895	-1.521423	1.611984	-0.181122
1001.124265	-1.666321	1.774994	-0.416580
1001.151950	-1.014282	1.503311	-0.163010
1001.182688	-0.525253	1.340302	-0.217346
1001.220689	-0.271683	1.014282	0.235458
1001.243355	-0.072449	0.941833	0.217346
1001.271152	-0.344131	0.615814	-0.235458
1001.301530	-0.362244	0.597702	-0.235458
1001.327333	-0.380356	0.543365	-0.380356
1001.356424	-0.344131	0.253571	-0.235458
1001.384581	-0.362244	0.326019	-0.235458
1001.412027	-0.217346	0.470917	-0.380356
1001.432555	0.054337	0.959946	-0.289795
1001.469220	0.289795	1.611984	-0.579590
1001.500746	-0.144897	1.448975	-1.050507
1001.538400	-0.398468	1.195404	-0.724487
1001.561544	0.144897	0.760712	-0.507141
1001.588431	-0.507141	1.340302	0.253571
1001.616013	-1.412750	1.213516	-0.018112
1001.656067	-0.760712	0.760712	-0.199234
1001.677631	-0.380356	1.014282	-0.271683
1001.703726	-0.633926	0.815048	-0.253571
1001.733363	-0.760712	0.489029	-0.036224
1001.762855	-0.615814	0.579590	0.054337
1001.793305	-0.199234	0.815048	-0.742599
1001.822990	-0.181122	1.032394	-0.054337
1001.855383	-0.398468	0.706375	-0.416580
1001.893154	-0.307907	0.869385	-0.362244
1001.926129	-0.326019	0.905609	-0.326019
1001.956459	-0.525253	0.833160	-0.380356
1001.994123	-0.579590	0.796936	-0.380356
1002.015643	-0.579590	0.688263	-0.470917
1002.053301	-0.851273	0.833160	-0.362244
1002.077092	-0.742599	0.887497	-0.362244
1002.101888	-0.163010	0.833160	-0.452805
1002.140422	0.054337	0.760712	-0.144897
1002.160583	-0.434692	0.760712	0.090561
1002.185936	-0.815048	0.959946	0.398468
1002.222203	-1.901779	1.684433	-0.307907
1002.243313	-1.231628	1.684433	-0.452805
1002.278104	-0.778824	1.521423	-0.217346
1002.304850	-0.199234	0.887497	0.326019
1002.333555	-0.181122	0.633926	0.326019
1002.356977	-0.289795	0.489029	-0.362244
1002.378464	-0.470917	0.489029	-0.307907
1002.403996	-0.380356	0.380356	-0.380356
1002.428133	-0.362244	0.217346	-0.380356
1002.455726	-0.307907	0.344131	-0.271683
1002.478964	-0.235458	0.561478	-0.362244
1002.506611	-0.144897	0.851273	-0.326019
1002.536348	0.362244	1.539536	-0.615814
1002.567681	0.126785	1.448975	-1.141068
1002.607707	-0.253571	1.068619	-0.652039
1002.629653	-0.652039	1.666321	-0.054337
1002.656183	-1.285965	1.630096	-0.579590
1002.679249	-1.141068	0.235458	-0.036224
1002.716762	-0.706375	0.489029	-0.144897
1002.746294	-0.633926	1.141068	-0.271683
1002.776104	-0.525253	1.322189	-0.398468
1002.803789	-0.525253	0.887497	-0.307907
1002.828137	-0.670151	0.470917	-0.018112
1002.855037	-0.380356	0.633926	-0.851273
1002.881070	-0.289795	1.086731	-0.036224
1002.909223	-0.307907	0.778824	-0.289795
1002.938443	-0.271683	0.688263	-0.398468
1002.977657	-0.326019	0.796936	-0.344131
1003.008903	-0.416580	0.851273	-0.271683
1003.039606	-0.470917	0.869385	-0.271683
1003.089460	-0.489029	0.796936	-0.362244
1003.136683	-0.778824	0.670151	-0.380356
1003.182053	-0.615814	0.869385	-0.344131
1003.207139	-0.090561	0.833160	-0.362244
1003.239005	-0.072449	0.706375	0.000000
1003.261625	-0.579590	0.778824	0.253571
1003.288640	-1.249741	1.358414	0.253571
1003.313063	-1.557648	1.720657	-0.416580
1003.342807	-0.996170	1.829330	-0.126785
1003.376628	-0.489029	1.340302	-0.199234
1003.407939	-0.126785	0.724487	0.181122
1003.432455	-0.289795	0.525253	-0.289795
1003.467530	-0.398468	0.525253	-0.271683
1003.492086	-0.452805	0.561478	-0.344131
1003.533492	-0.434692	0.253571	-0.271683
1003.558595	-0.362244	0.362244	-0.217346
1003.589153	-0.199234	0.561478	-0.307907
1003.611227	-0.144897	0.941833	-0.271683
1003.637780	0.543365	1.503311	-0.887497
1003.659795	-0.018112	1.249741	-1.050507
1003.700879	-0.235458	1.249741	-0.489029
1003.727098	0.036224	1.122955	-0.706375
1003.759613	-1.050507	1.611984	-0.597702
1003.784144	-1.050507	0.452805	-0.108673
1003.809912	-0.670151	0.470917	-0.163010
1003.834378	-0.688263	0.996170	-0.199234
1003.859511	-0.307907	1.141068	-0.470917
1003.888337	-0.362244	0.978058	-0.289795
1003.909861	-0.579590	0.561478	-0.253571
1003.937144	-0.579590	0.633926	-0.181122
1003.978397	-0.470917	0.688263	-0.307907
1004.007814	-0.326019	0.887497	-0.416580
1004.038159	-0.507141	0.905609	-0.217346
1004.068852	-0.289795	0.724487	-0.362244
1004.120863	-0.434692	0.905609	-0.289795
1004.161660	-0.507141	0.724487	-0.416580
1004.194158	-0.434692	0.724487	-0.452805
1004.236915	-0.525253	0.760712	-0.307907
1004.261981	-0.815048	0.778824	-0.253571
1004.289087	-0.905609	0.923721	-0.307907
1004.312277	-0.326019	0.796936	-0.362244
1004.354780	0.108673	0.615814	-0.181122
1004.394372	-0.126785	0.688263	-0.054337
1004.417152	-1.811218	1.901779	-0.217346
1004.439919	-1.394638	1.593872	-0.326019
1004.476309	-0.742599	1.394638	-0.380356
1004.512577	-0.199234	0.978058	0.344131
1004.541180	-0.235458	0.724487	0.036224
1004.562772	-0.235458	0.633926	-0.181122
1004.590574	-0.489029	0.543365	-0.362244
1004.612988	-0.416580	0.507141	-0.416580
1004.638090	-0.434692	0.181122	-0.398468
1004.663211	-0.398468	0.326019	-0.253571
1004.690507	-0.289795	0.525253	-0.289795
1004.713475	-0.217346	0.796936	-0.253571
1004.739084	0.235458	1.539536	-0.796936
1004.763733	0.452805	1.322189	-1.068619
1004.792558	-0.199234	1.122955	-0.887497
1004.814003	0.000000	1.104843	-0.579590
1004.839246	-0.090561	0.996170	-0.090561
1004.867043	-1.322189	2.010452	-0.489029
1004.890648	-1.539536	0.742599	-0.072449
1004.921627	-0.724487	0.398468	-0.217346
1004.974312	-0.434692	1.104843	-0.253571
1004.995963	-0.489029	1.050507	-0.271683
1005.023456	-0.778824	0.525253	-0.163010
1005.052440	-0.724487	0.507141	0.018112
1005.092320	-0.452805	0.706375	-0.362244
1005.120179	-0.416580	0.815048	-0.054337
1005.140497	-0.416580	0.633926	-0.362244
1005.166252	-0.362244	0.724487	-0.271683
1005.205937	-0.452805	0.796936	-0.362244
1005.228906	-0.398468	0.959946	-0.398468
1005.258309	-0.362244	0.887497	-0.271683
1005.286549	-0.489029	0.796936	-0.362244
1005.321224	-0.452805	0.815048	-0.416580
1005.362959	-0.851273	0.760712	-0.326019
1005.384107	-0.923721	0.815048	-0.362244
1005.417966	-0.090561	0.851273	-0.253571
1005.456185	-0.271683	0.633926	0.126785
1005.487206	-0.543365	0.633926	0.090561
1005.525782	-1.412750	1.521423	-0.054337
1005.546486	-1.648209	1.829330	-0.362244
1005.573530	-1.050507	1.774994	-0.126785
1005.606770	-0.235458	1.050507	0.181122
1005.643402	-0.289795	0.525253	-0.235458
1005.667921	-0.326019	0.525253	-0.344131
1005.704877	-0.452805	0.434692	-0.289795
1005.726831	-0.362244	0.398468	-0.416580
1005.756237	-0.380356	0.344131	-0.163010
1005.785577	-0.452805	0.507141	-0.235458
1005.825447	-0.235458	0.543365	-0.326019
1005.846499	0.235458	1.448975	-0.507141
1005.873729	0.018112	1.267853	-1.086731
1005.893889	-0.235458	1.249741	-0.833160
1005.924255	0.090561	1.050507	-0.615814
1005.963023	-0.579590	1.521423	0.235458
1005.989448	-1.177292	1.177292	-0.326019
1006.019910	-1.159180	0.597702	-0.036224
1006.051576	-0.778824	0.815048	-0.144897
1006.081177	-0.742599	1.104843	-0.199234
1006.112164	-0.416580	0.887497	-0.416580
1006.140247	-0.706375	0.434692	-0.181122
1006.170574	-0.688263	0.615814	-0.036224
1006.202442	-0.289795	0.978058	-0.271683
1006.235642	-0.416580	0.706375	-0.144897
1006.277238	-0.271683	0.670151	-0.398468
1006.304460	-0.380356	0.869385	-0.326019
1006.326093	-0.398468	0.851273	-0.199234
1006.359591	-0.434692	0.887497	-0.434692
1006.396646	-0.543365	0.851273	-0.434692
1006.422343	-0.525253	0.688263	-0.362244
1006.451529	-0.851273	0.778824	-0.163010
1006.494946	-0.887497	0.869385	-0.307907
1006.518800	-0.289795	0.978058	-0.362244
1006.547339	-0.326019	0.633926	0.036224
1006.578871	-0.579590	0.778824	0.181122
1006.606208	-1.756882	1.630096	-0.253571
1006.636421	-1.485199	1.702545	-0.398468
1006.669383	-0.887497	1.412750	-0.181122
1006.709091	-0.507141	1.213516	-0.108673
1006.730348	-0.271683	0.905609	0.398468
1006.772717	-0.452805	0.597702	-0.235458
1006.797826	-0.380356	0.489029	-0.452805
1006.834828	-0.416580	0.307907	-0.307907
1006.864377	-0.398468	0.398468	-0.271683
1006.895658	-0.235458	0.452805	-0.434692
1006.924376	-0.126785	0.579590	-0.489029
1006.953909	0.307907	1.340302	-0.307907
1006.984767	-0.362244	1.195404	-0.615814
1007.008045	-0.126785	1.159180	-0.597702
1007.049775	-1.467087	1.811218	-0.181122
1007.091566	-0.833160	0.199234	-0.090561
1007.113673	-0.742599	0.380356	-0.108673
1007.139674	-0.815048	1.050507	-0.181122
1007.168816	-0.724487	1.358414	-0.326019
1007.198309	-0.452805	0.959946	-0.362244
1007.230250	-0.543365	0.561478	-0.199234
1007.250552	-0.597702	0.633926	-0.181122
1007.275993	-0.235458	0.978058	-0.416580
1007.308654	-0.434692	0.851273	-0.054337
1007.357356	-0.344131	0.561478	-0.398468
1007.388902	-0.452805	0.778824	-0.362244
1007.421469	-0.470917	0.887497	-0.362244
1007.458187	-0.380356	0.978058	-0.362244
1007.501521	-0.561478	0.615814	-0.380356
1007.526734	-0.742599	0.724487	-0.271683
1007.551253	-0.905609	0.851273	-0.289795
1007.596018	-0.652039	0.833160	-0.452805
1007.628316	-0.036224	0.760712	-0.271683
1007.657992	-0.163010	0.706375	0.126785
1007.688622	-0.633926	0.796936	0.253571
1007.721287	-1.304077	1.285965	-0.126785
1007.760147	-1.014282	1.938004	-0.199234
1007.790347	-0.561478	1.249741	-0.163010
1007.810474	-0.380356	1.086731	-0.072449
1007.859037	-0.253571	0.597702	-0.072449
1007.881132	-0.489029	0.507141	-0.344131
1007.906196	-0.470917	0.543365	-0.362244
1007.940873	-0.416580	0.362244	-0.326019
1007.962755	-0.344131	0.362244	-0.271683
1007.987219	-0.289795	0.434692	-0.307907
1008.014487	-0.126785	0.525253	-0.344131
1008.044369	0.090561	0.923721	-0.326019
1008.071628	0.507141	1.521423	-0.869385
1008.110236	-0.217346	1.141068	-0.706375
1008.131792	0.018112	0.996170	-0.633926
1008.157970	-1.648209	1.358414	-0.054337
1008.187351	-0.996170	0.271683	-0.217346
1008.225690	-0.778824	0.652039	-0.108673
1008.247252	-0.561478	1.086731	-0.253571
1008.272694	-0.380356	1.068619	-0.326019
1008.309859	-0.579590	0.670151	-0.307907
1008.337342	-0.706375	0.452805	0.036224
1008.358381	-0.525253	0.579590	-0.271683
1008.389094	-0.289795	0.941833	0.181122
1008.413493	-0.470917	0.670151	-0.398468
1008.456379	-0.398468	0.796936	-0.289795
1008.480289	-0.507141	0.941833	-0.271683
1008.511093	-0.452805	0.887497	-0.253571
1008.555646	-0.652039	0.833160	-0.362244
1008.597224	-0.525253	0.796936	-0.434692
1008.628503	-0.579590	0.615814	-0.398468
1008.658054	-0.869385	0.742599	-0.289795
1008.688441	-0.851273	0.905609	-0.217346
1008.719103	-0.452805	0.778824	-0.344131
1008.761357	0.072449	0.760712	-0.163010
1008.794328	-1.503311	1.394638	0.181122
1008.839348	-0.869385	1.503311	-0.126785
1008.861789	-0.470917	1.177292	-0.163010
1008.888824	-0.271683	0.923721	0.271683
1008.924974	-0.126785	0.796936	0.289795
1008.946338	-0.217346	0.579590	-0.163010
1008.972489	-0.470917	0.489029	-0.362244
1009.010869	-0.362244	0.489029	-0.398468
1009.037493	-0.307907	0.380356	-0.289795
1009.058007	-0.307907	0.489029	-0.344131
1009.089012	-0.199234	0.833160	-0.271683
1009.111553	0.072449	1.267853	-0.362244
1009.139650	0.054337	1.267853	-1.068619
1009.163704	-0.289795	1.213516	-0.887497
1009.192171	-0.090561	1.159180	-0.706375
1009.220493	-0.362244	1.358414	-0.217346
1009.260109	-1.340302	1.593872	-0.489029
1009.288532	-0.688263	0.543365	-0.217346
1009.309541	-0.706375	1.195404	-0.235458
1009.337957	-0.579590	1.267853	-0.235458
1009.364058	-0.543365	0.778824	-0.271683
1009.392968	-0.579590	0.525253	-0.199234
1009.421497	-0.615814	0.633926	-0.036224
1009.461448	-0.507141	0.724487	-0.344131
1009.490010	-0.489029	0.633926	-0.217346
1009.512057	-0.398468	0.615814	-0.307907
1009.540621	-0.398468	0.815048	-0.307907
1009.564271	-0.470917	0.887497	-0.307907
1009.589400	-0.452805	0.833160	-0.271683
1009.625971	-0.489029	0.796936	-0.398468
1009.647236	-0.561478	0.851273	-0.470917
1009.676185	-0.380356	0.796936	-0.362244
1009.705640	-0.307907	0.760712	-0.380356
1009.747477	-0.633926	0.670151	-0.307907
1009.777737	-0.851273	0.959946	-0.470917
1009.811844	0.072449	0.615814	0.054337
1009.843639	-0.380356	0.724487	0.163010
1009.873961	-1.068619	1.177292	0.126785
1009.905862	-1.666321	1.938004	-0.615814
1009.939146	-1.412750	1.575760	-0.271683
1009.970344	-0.670151	1.376526	-0.289795
1010.006002	-0.036224	0.923721	0.289795
1010.043881	-0.090561	0.724487	0.036224
1010.088105	-0.398468	0.344131	-0.362244
1010.113201	-0.380356	0.217346	-0.344131
1010.138004	-0.398468	0.507141	-0.271683
1010.163008	-0.326019	0.543365	-0.307907
1010.193220	-0.199234	0.833160	-0.307907
1010.215701	0.072449	1.304077	-0.579590
1010.239048	0.072449	1.267853	-0.978058
1010.263354	-0.253571	1.231628	-0.742599
1010.288972	-0.018112	1.068619	-0.887497
1010.313612	-0.796936	1.702545	0.235458
1010.356514	-1.503311	1.539536	-0.271683
1010.395918	-1.014282	0.199234	-0.018112
1010.415948	-0.742599	1.195404	-0.181122
1010.442480	-0.543365	1.322189	-0.271683
1010.471832	-0.670151	0.887497	-0.271683
1010.497788	-0.670151	0.561478	-0.235458
1010.523635	-0.652039	0.525253	-0.036224
1010.565452	-0.344131	0.941833	-0.326019
1010.590539	-0.416580	0.724487	-0.253571
1010.616159	-0.326019	0.670151	-0.470917
1010.647580	-0.344131	0.796936	-0.344131
1010.675787	-0.452805	0.996170	-0.326019
1010.706602	-0.434692	0.959946	-0.362244
1010.741875	-0.452805	0.851273	-0.271683
1010.780839	-0.525253	0.724487	-0.416580
1010.814101	-0.489029	0.561478	-0.452805
1010.845184	-0.706375	0.688263	-0.380356
1010.878289	-0.724487	0.869385	-0.344131
1010.924675	0.108673	0.652039	-0.036224
1010.959374	-0.525253	0.778824	0.144897
1010.995856	-1.738770	1.684433	-0.470917
1011.025141	-1.014282	1.630096	-0.380356
1011.068219	-0.525253	1.304077	-0.126785
1011.092786	-0.362244	0.815048	0.018112
1011.122581	-0.253571	0.633926	0.000000
1011.143773	-0.144897	0.652039	0.054337
1011.172006	-0.289795	0.507141	-0.362244
1011.203386	-0.271683	0.561478	-0.398468
1011.233378	-0.362244	0.470917	-0.362244
1011.263768	-0.380356	0.470917	-0.253571
1011.288229	-0.271683	0.543365	-0.416580
1011.315911	-0.126785	0.652039	-0.470917
1011.346290	0.054337	1.159180	-0.561478
1011.368920	-0.126785	1.304077	-0.851273
1011.394587	-0.217346	1.195404	-0.796936
1011.428118	-0.126785	0.905609	-0.253571
1011.472831	-1.322189	0.887497	-0.181122
1011.494625	-1.104843	0.452805	0.018112
1011.519103	-0.688263	0.851273	-0.181122
1011.545731	-0.706375	1.141068	-0.181122
1011.578293	-0.289795	1.104843	-0.217346
1011.598434	-0.452805	0.887497	-0.271683
1011.627358	-0.579590	0.615814	-0.235458
1011.656567	-0.724487	0.507141	-0.036224
1011.687468	-0.489029	0.652039	-0.670151
1011.730373	-0.380356	0.851273	-0.344131
1011.773239	-0.362244	0.815048	-0.344131
1011.795931	-0.398468	0.978058	-0.253571
1011.820459	-0.434692	0.959946	-0.307907
1011.845631	-0.452805	0.887497	-0.253571
1011.875006	-0.597702	0.796936	-0.307907
1011.896723	-0.633926	0.724487	-0.416580
1011.920878	-0.615814	0.561478	-0.507141
1011.946492	-0.760712	0.724487	-0.326019
1011.973898	-0.833160	0.833160	-0.271683
1011.996188	-0.688263	0.905609	-0.326019
1012.021279	-0.326019	0.633926	-0.344131
1012.046517	0.126785	0.833160	-0.108673
1012.097611	-0.144897	0.815048	0.054337
1012.128103	-0.851273	1.032394	0.344131
1012.156582	-1.376526	1.521423	-0.108673
1012.187329	-1.249741	1.430862	-0.489029
1012.217082	-0.724487	1.593872	-0.181122
1012.241125	-0.706375	1.231628	-0.036224
1012.274664	-0.126785	0.633926	-0.072449
1012.297513	-0.362244	0.507141	-0.362244
1012.340125	-0.344131	0.525253	-0.289795
1012.377465	-0.416580	0.380356	-0.452805
1012.398940	-0.380356	0.289795	-0.217346
1012.424834	-0.362244	0.507141	-0.380356
1012.454093	-0.163010	0.670151	-0.543365
1012.493275	0.398468	1.521423	-0.724487
1012.524726	-0.253571	1.231628	-0.525253
1012.549237	-0.126785	0.869385	-0.652039
1012.578549	-0.724487	1.104843	0.163010
1012.606889	-1.376526	1.648209	-0.362244
1012.637590	-1.068619	0.362244	-0.054337
1012.667020	-0.597702	0.543365	-0.217346
1012.697497	-0.579590	0.923721	-0.090561
1012.726927	-0.326019	1.104843	-0.235458
1012.756893	-0.652039	0.778824	-0.163010
1012.800371	-0.416580	0.652039	-0.670151
1012.825422	-0.289795	0.869385	-0.344131
1012.850504	-0.489029	0.978058	-0.163010
1012.881839	-0.235458	0.652039	-0.507141
1012.910481	-0.271683	0.760712	-0.362244
1012.940834	-0.398468	0.851273	-0.344131
1012.977025	-0.362244	0.978058	-0.380356
1013.001861	-0.489029	0.760712	-0.271683
1013.027066	-0.579590	0.652039	-0.362244
1013.056590	-0.561478	0.652039	-0.344131
1013.108712	-0.579590	0.561478	-0.362244
1013.131622	-0.724487	0.778824	-0.470917
1013.160757	-0.742599	0.941833	-0.470917
1013.194232	-0.326019	0.959946	-0.307907
1013.214598	-0.054337	0.815048	-0.090561
1013.241756	-0.815048	0.978058	0.199234
1013.264170	-1.720657	1.648209	-0.344131
1013.305238	-0.615814	1.394638	-0.235458
1013.327767	-0.289795	1.086731	-0.108673
1013.356770	-0.199234	0.887497	0.271683
1013.387668	-0.108673	0.688263	-0.108673
1013.417292	-0.181122	0.543365	-0.181122
1013.447580	-0.416580	0.525253	-0.416580
1013.475458	-0.344131	0.525253	-0.489029
1013.495794	-0.398468	0.271683	-0.344131
1013.527946	-0.307907	0.615814	-0.344131
1013.553068	-0.144897	0.760712	-0.380356
1013.582513	0.181122	1.322189	-0.507141
1013.612291	0.217346	1.412750	-0.815048
1013.640799	-0.307907	1.304077	-0.869385
1013.679833	-0.108673	1.231628	-0.724487
1013.707101	-0.760712	1.521423	-0.380356
1013.729410	-1.448975	0.688263	0.199234
1013.753966	-0.670151	0.706375	-0.217346
1013.780120	-0.507141	0.959946	-0.235458
1013.811366	-0.398468	1.032394	-0.199234
1013.848387	-0.434692	0.941833	-0.217346
1013.874238	-0.561478	0.760712	-0.054337
1013.911195	-0.615814	0.688263	-0.199234
1013.932539	-0.362244	0.652039	-0.851273
1013.959557	-0.380356	0.833160	0.072449
1013.992287	-0.253571	0.724487	-0.452805
1014.025311	-0.362244	0.796936	-0.307907
1014.046478	-0.452805	0.905609	-0.344131
1014.092351	-0.398468	0.887497	-0.253571
1014.124838	-0.561478	0.688263	-0.307907
1014.157818	-0.615814	0.670151	-0.362244
1014.190743	-0.597702	0.579590	-0.452805
1014.233051	-0.869385	0.796936	-0.398468
1014.263162	-0.126785	1.050507	-0.344131
1014.307991	-0.434692	0.742599	0.054337
1014.347359	-0.996170	1.159180	0.235458
1014.382216	-0.869385	1.829330	-0.144897
1014.408732	-0.597702	1.358414	-0.126785
1014.432431	-0.344131	0.996170	-0.018112
1014.461247	-0.326019	0.742599	0.199234
1014.491239	-0.163010	0.633926	-0.199234
1014.523460	-0.181122	0.470917	0.018112
1014.554843	-0.289795	0.543365	-0.362244
1014.594382	-0.253571	0.615814	-0.452805
1014.633326	-0.326019	0.543365	-0.326019
1014.658355	-0.235458	0.706375	-0.362244
1014.683522	0.090561	1.122955	-0.470917
1014.712148	0.380356	1.412750	-0.670151
1014.733166	0.090561	1.430862	-0.796936
1014.760905	-0.144897	1.086731	-0.579590
1014.783379	-0.144897	1.014282	-0.126785
1014.811441	-0.923721	1.756882	-0.633926
1014.854707	-1.249741	0.923721	-0.072449
1014.882505	-0.905609	0.525253	-0.253571
1014.913708	-0.760712	0.760712	-0.108673
1014.941334	-0.670151	1.068619	-0.289795
1014.977555	-0.597702	0.760712	-0.199234
1014.998850	-0.633926	0.633926	-0.072449
1015.042676	-0.434692	0.796936	-0.597702
1015.086273	-0.452805	0.833160	-0.108673
1015.110934	-0.253571	0.633926	-0.380356
1015.140456	-0.380356	0.760712	-0.326019
1015.186524	-0.362244	0.923721	-0.362244
1015.211055	-0.362244	0.815048	-0.307907
1015.241681	-0.525253	0.724487	-0.344131
1015.264928	-0.633926	0.778824	-0.344131
1015.290471	-0.543365	0.724487	-0.398468
1015.318055	-0.489029	0.633926	-0.434692
1015.376290	-0.633926	0.633926	-0.525253
1015.412034	-0.072449	0.778824	-0.144897
1015.440363	-0.434692	0.706375	0.163010
1015.462759	-0.688263	0.905609	0.307907
1015.491409	-1.756882	1.811218	-0.398468
1015.523192	-1.322189	1.829330	-0.452805
1015.556432	-0.724487	1.412750	-0.253571
1015.595391	-0.489029	1.249741	-0.199234
1015.616753	-0.289795	0.833160	0.126785
1015.647617	-0.144897	0.633926	0.000000
1015.692043	-0.362244	0.561478	-0.398468
1015.713167	-0.416580	0.380356	-0.434692
1015.737717	-0.344131	0.253571	-0.380356
1015.764099	-0.253571	0.561478	-0.326019
1015.795475	-0.235458	0.941833	-0.108673
1015.842246	0.072449	1.141068	-0.905609
1015.863855	-0.163010	1.068619	-0.887497
1015.891393	-0.036224	1.122955	-0.652039
1015.921853	-0.452805	1.593872	-0.362244
1015.959029	-1.267853	2.010452	-0.090561
1015.984258	-0.833160	0.561478	-0.163010
1016.011564	-0.796936	0.289795	-0.090561
1016.041909	-0.796936	0.959946	-0.326019
1016.064774	-0.398468	1.086731	-0.289795
1016.097455	-0.344131	0.652039	-0.452805
1016.125736	-0.489029	0.489029	-0.344131
1016.162012	-0.561478	0.688263	-0.163010
1016.183505	-0.380356	0.923721	-0.362244
1016.210111	-0.344131	1.032394	-0.090561
1016.242567	-0.326019	0.670151	-0.289795
1016.277131	-0.470917	0.887497	-0.326019
1016.309010	-0.452805	0.923721	-0.380356
1016.345089	-0.416580	0.923721	-0.289795
1016.375261	-0.525253	0.724487	-0.416580
1016.399945	-0.344131	0.796936	-0.434692
1016.446302	-0.652039	0.796936	-0.398468
1016.476236	-0.796936	0.869385	-0.344131
1016.496805	-0.543365	0.833160	-0.470917
1016.542247	-0.253571	0.670151	0.181122
1016.579839	-0.507141	0.706375	0.217346
1016.611858	-1.666321	1.521423	-0.144897
1016.642465	-1.485199	1.593872	-0.380356
1016.673941	-0.978058	1.593872	-0.217346
1016.699880	-0.543365	1.394638	-0.307907
1016.730012	-0.416580	1.032394	0.090561
1016.779305	-0.144897	0.688263	-0.253571
1016.817991	-0.507141	0.289795	-0.344131
1016.843102	-0.434692	0.235458	-0.344131
1016.868238	-0.289795	0.416580	-0.289795
1016.896255	-0.253571	0.615814	-0.307907
1016.922665	0.018112	1.213516	-0.326019
1016.962334	0.452805	1.195404	-0.815048
1016.982991	-0.217346	1.267853	-0.688263
1017.011266	-0.217346	1.177292	-0.796936
1017.034033	-0.036224	0.941833	-0.561478
1017.054970	-0.507141	1.285965	0.253571
1017.091111	-1.430862	1.430862	-0.434692
1017.124018	-1.376526	0.543365	0.181122
1017.161760	-0.561478	0.706375	-0.235458
1017.183718	-0.525253	1.014282	-0.289795
1017.209612	-0.416580	0.905609	-0.163010
1017.247745	-0.688263	0.778824	0.000000
1017.274631	-0.470917	0.796936	-0.416580
1017.297284	-0.688263	0.851273	-0.072449
1017.328728	-0.489029	0.670151	-0.380356
1017.359680	-0.326019	0.742599	-0.380356
1017.396041	-0.362244	0.815048	-0.344131
1017.416524	-0.416580	0.869385	-0.307907
1017.446536	-0.434692	0.905609	-0.326019
1017.474915	-0.416580	0.815048	-0.362244
1017.506873	-0.470917	0.724487	-0.307907
1017.540221	-0.470917	0.724487	-0.289795
1017.571645	-0.633926	0.706375	-0.253571
1017.596599	-0.833160	0.742599	-0.452805
1017.626426	-0.688263	0.869385	-0.633926
1017.659850	-0.326019	0.851273	-0.271683
1017.692206	-0.235458	0.742599	-0.108673
1017.729630	-0.326019	0.652039	0.235458
1017.760521	-1.358414	1.050507	0.072449
1017.793476	-0.778824	1.322189	-0.163010
1017.824212	-0.525253	1.285965	-0.163010
1017.850055	-0.344131	0.833160	0.144897
1017.879516	-0.344131	0.742599	-0.307907
1017.909809	-0.416580	0.633926	-0.108673
1017.948202	-0.416580	0.688263	-0.289795
1017.974887	-0.416580	0.470917	-0.271683
1017.998415	-0.398468	0.507141	-0.380356
1018.026715	-0.380356	0.525253	-0.362244
1018.056147	-0.326019	0.615814	-0.344131
1018.085697	-0.217346	1.014282	-0.398468
1018.116900	0.090561	1.050507	-0.652039
1018.144971	0.108673	1.340302	-0.543365
1018.173830	-0.217346	1.104843	-0.796936
1018.211845	-0.398468	1.177292	0.217346
1018.249623	-1.032394	0.688263	-0.199234
1018.275657	-0.543365	0.470917	-0.163010
1018.299807	-0.452805	0.887497	-0.199234
1018.328926	-0.470917	1.141068	-0.163010
1018.359221	-0.489029	0.959946	-0.163010
1018.384978	-0.778824	0.887497	0.000000
1018.413078	-0.742599	0.652039	-0.108673
1018.440510	-0.633926	0.724487	-0.289795
1018.479574	-0.579590	0.633926	-0.633926
1018.501013	-0.724487	0.688263	-0.181122
1018.526908	-0.452805	0.851273	-0.470917
1018.556400	-0.307907	0.959946	-0.434692
1018.601050	-0.344131	0.941833	-0.271683
1018.626579	-0.416580	0.887497	-0.344131
1018.651519	-0.434692	0.851273	-0.380356
1018.679582	-0.398468	0.833160	-0.307907
1018.710204	-0.452805	0.778824	-0.253571
1018.742005	-0.561478	0.742599	-0.326019
1018.773381	-0.579590	0.760712	-0.398468
1018.807000	-0.525253	0.978058	-0.507141
1018.848697	-0.507141	1.050507	-0.398468
1018.869598	-0.452805	0.869385	-0.108673
1018.895337	-0.271683	1.304077	-0.036224
1018.924207	-0.235458	1.213516	-0.072449
1018.959167	-0.615814	0.796936	0.018112
1018.994649	-0.452805	0.760712	-0.235458
1019.015782	-0.398468	0.887497	-0.163010
1019.052601	-0.362244	1.104843	0.000000
1019.096433	-0.380356	0.941833	-0.144897
1019.117810	-0.362244	0.941833	-0.126785
1019.140413	-0.398468	0.978058	-0.326019
1019.168162	-0.289795	0.815048	0.144897
1019.197740	-0.380356	0.887497	0.072449
1019.228688	-0.326019	0.815048	-0.126785
1019.260895	-0.398468	0.796936	-0.181122
1019.282788	-0.398468	0.833160	-0.235458
1019.312212	-0.362244	0.905609	-0.217346
1019.347637	-0.289795	0.923721	-0.181122
1019.375309	-0.307907	0.959946	-0.199234
1019.407175	-0.307907	0.923721	-0.199234
1019.431208	-0.398468	0.923721	-0.271683
1019.459095	-0.326019	0.851273	-0.271683
1019.480350	-0.326019	0.978058	-0.271683
1019.509288	-0.235458	0.978058	-0.271683
1019.530535	-0.253571	1.068619	-0.217346
1019.559723	-0.344131	1.068619	-0.199234
1019.580767	-0.362244	1.014282	-0.181122
1019.608296	-0.326019	0.905609	-0.163010
1019.635831	-0.398468	0.941833	-0.181122
1019.666650	-0.507141	0.941833	-0.163010
1019.692146	-0.452805	0.978058	-0.126785
1019.719434	-0.489029	0.941833	-0.181122
1019.748616	-0.434692	0.869385	-0.163010
1019.776596	-0.362244	0.869385	-0.144897
1019.810962	-0.362244	0.869385	-0.163010
1019.831692	-0.398468	0.923721	-0.181122
1019.868121	-0.470917	0.941833	-0.199234
1019.896012	-0.579590	0.996170	-0.108673
1019.924506	-0.398468	0.851273	-0.181122
1019.963389	-0.561478	0.869385	-0.163010
1019.986155	-0.597702	0.851273	-0.253571
1020.012574	-0.416580	0.905609	-0.289795
1020.063181	-0.416580	0.815048	-0.271683
1020.108083	-0.452805	0.887497	-0.289795
1020.133143	-0.452805	0.905609	-0.199234
1020.160184	-0.398468	0.760712	-0.271683
1020.183069	-0.597702	0.959946	-0.380356
1020.211663	-0.525253	1.050507	-0.452805
1020.241268	-0.452805	0.905609	0.072449
1020.279334	-0.326019	0.815048	-0.199234
1020.310475	-0.416580	0.905609	-0.271683
1020.334072	-0.398468	0.833160	-0.235458
1020.362203	-0.380356	0.869385	-0.235458
1020.386721	-0.326019	0.887497	-0.235458
1020.412373	-0.380356	0.833160	-0.344131
1020.445910	-0.543365	0.887497	-0.271683
1020.467214	-0.579590	0.959946	-0.253571
1020.510819	-0.470917	0.978058	-0.253571
1020.534971	-0.452805	0.887497	-0.217346
1020.559460	-0.470917	0.887497	-0.181122
1020.584761	-0.452805	0.941833	-0.199234
1020.613507	-0.434692	0.887497	-0.199234
1020.636519	-0.398468	0.869385	-0.217346
1020.664735	-0.561478	0.923721	-0.217346
1020.694504	-0.579590	0.978058	-0.217346
1020.735852	-0.398468	1.068619	-0.144897
1020.760854	-0.380356	0.978058	-0.126785
1020.786036	-0.380356	0.959946	-0.344131
1020.810614	-0.289795	0.996170	-0.271683
1020.844305	-0.253571	1.014282	-0.163010
1020.874630	-0.217346	1.050507	-0.217346
1020.915591	-0.144897	1.086731	-0.181122
1020.943491	-0.108673	1.104843	-0.253571
1020.963999	-0.181122	1.141068	-0.072449
1020.995722	-0.181122	1.050507	-0.217346
1021.018519	-0.144897	1.050507	-0.126785
1021.062840	-0.126785	1.177292	-0.163010
1021.093792	-0.163010	1.122955	-0.344131
1021.114893	-0.525253	0.869385	-0.344131
1021.144257	0.380356	1.050507	0.163010
1021.165415	-0.181122	1.086731	-0.271683
1021.191948	-0.072449	1.014282	-0.163010
1021.231762	0.018112	0.941833	-0.307907
1021.252648	-0.072449	1.086731	-0.344131
1021.278840	-0.126785	1.068619	-0.271683
1021.313563	-0.108673	1.086731	-0.253571
1021.344876	-0.054337	1.086731	-0.362244
1021.368990	-0.054337	1.050507	-0.615814
1021.394180	-0.072449	0.996170	-0.652039
1021.419720	-0.108673	0.905609	-0.652039
1021.445889	-0.054337	0.815048	-0.652039
1021.468297	-0.072449	0.688263	-0.724487
1021.496790	-0.126785	0.688263	-0.815048
1021.520770	-0.090561	0.633926	-0.760712
1021.549363	-0.054337	0.597702	-0.778824
1021.577332	-0.054337	0.670151	-0.688263
1021.603451	-0.090561	0.633926	-0.688263
1021.624473	-0.163010	0.670151	-0.796936
1021.665283	-0.163010	0.652039	-0.742599
1021.694383	-0.072449	0.688263	-0.706375
1021.715557	-0.036224	0.706375	-0.760712
1021.741382	-0.054337	0.670151	-0.706375
1021.764867	-0.072449	0.597702	-0.724487
1021.795641	-0.036224	0.489029	-0.778824
1021.846676	-0.072449	0.398468	-0.815048
1021.891048	0.000000	0.326019	-1.050507
1021.916145	0.036224	0.326019	-1.068619
1021.944288	0.163010	0.271683	-1.032394
1021.966966	0.036224	0.253571	-1.014282
1021.994484	0.144897	0.181122	-1.122955
1022.025143	0.253571	0.181122	-0.923721
1022.052631	0.344131	0.181122	-0.923721
1022.075150	0.289795	0.144897	-1.014282
1022.100104	0.235458	0.126785	-1.050507
1022.128613	0.199234	0.108673	-0.996170
1022.149123	0.217346	0.108673	-1.014282
1022.195114	0.289795	0.126785	-0.996170
1022.217911	0.235458	0.108673	-0.941833
1022.245354	0.253571	0.036224	-1.104843
1022.275268	0.163010	0.018112	-1.086731
1022.312399	0.163010	0.018112	-1.050507
1022.343477	0.289795	-0.054337	-1.141068
1022.368211	0.217346	-0.018112	-1.050507
1022.392736	0.217346	-0.036224	-1.050507
1022.418441	0.199234	-0.090561	-1.068619
1022.445251	0.217346	-0.108673	-1.014282
1022.480540	0.271683	-0.108673	-1.086731
1022.528673	0.181122	-0.126785	-1.050507
1022.569097	0.163010	-0.126785	-1.086731
1022.595033	0.163010	-0.108673	-1.086731
1022.619330	0.199234	-0.072449	-1.050507
1022.644457	0.181122	-0.072449	-0.996170