948.146247	0.108673	-0.217346	-1.032394
948.171407	0.090561	-0.217346	-1.050507
948.197939	0.108673	-0.235458	-1.032394
948.233569	0.090561	-0.235458	-0.996170
948.271790	0.090561	-0.253571	-1.050507
948.297613	0.108673	-0.235458	-1.014282
948.322051	0.108673	-0.235458	-1.014282
948.347939	0.108673	-0.271683	-1.014282
948.372318	0.126785	-0.253571	-1.050507
948.398120	0.108673	-0.235458	-1.032394
948.422658	0.144897	-0.271683	-1.014282
948.451171	0.108673	-0.253571	-0.978058
948.482591	0.181122	-0.253571	-0.978058
948.503430	0.163010	-0.416580	-0.887497
948.548205	-0.054337	-0.126785	-1.014282
948.573339	0.126785	-0.108673	-0.923721
948.597792	0.163010	-0.108673	-0.869385
948.623122	0.144897	-0.126785	-1.032394
948.651425	-0.108673	-0.018112	-1.141068
948.679424	0.561478	-0.362244	-0.923721
948.717379	-0.307907	-0.126785	-0.887497
948.738320	-0.253571	-0.289795	-1.358414
948.765924	0.054337	-0.181122	-1.177292
948.785989	0.126785	-0.036224	-0.978058
948.829478	0.126785	0.144897	-0.724487
948.852561	0.217346	0.072449	-0.742599
948.874676	0.597702	0.217346	-1.177292
948.899179	0.380356	0.036224	-0.996170
948.924297	0.326019	0.054337	-0.796936
948.961720	0.362244	0.108673	-0.742599
949.001935	0.470917	0.144897	-0.869385
949.031493	0.489029	0.199234	-0.869385
949.076484	0.670151	0.235458	-1.014282
949.100842	0.670151	0.235458	-1.050507
949.130502	0.670151	0.307907	-1.086731
949.150958	0.760712	0.434692	-1.195404
949.182891	0.742599	0.470917	-1.141068
949.204681	0.833160	0.416580	-1.159180
949.232018	0.796936	0.507141	-1.068619
949.268418	0.796936	0.507141	-1.050507
949.301758	0.760712	0.561478	-1.032394
949.331865	0.706375	0.525253	-1.086731
949.352975	0.633926	0.489029	-0.923721
949.381073	0.615814	0.380356	-0.760712
949.418338	0.688263	0.489029	-0.470917
949.439688	0.905609	0.633926	-0.271683
949.467106	0.597702	0.815048	-0.688263
949.496075	0.398468	0.706375	-0.652039
949.527418	0.289795	0.525253	-0.561478
949.553378	0.181122	0.561478	-0.452805
949.589809	0.289795	0.724487	-0.615814
949.633318	-0.126785	0.615814	-0.724487
949.678431	0.289795	0.615814	-0.670151
949.703607	0.434692	0.833160	-0.597702
949.730303	0.507141	0.869385	-0.434692
949.753822	0.398468	0.796936	-0.633926
949.778337	0.307907	1.050507	-0.724487
949.804391	0.416580	1.032394	-0.959946
949.850839	0.452805	1.032394	-0.760712
949.882298	0.235458	0.905609	-0.688263
949.904448	0.217346	0.760712	-0.923721
949.931891	0.217346	0.670151	-0.905609
949.957828	0.452805	0.633926	-0.778824
949.986552	0.326019	0.778824	-0.706375
950.033748	0.090561	0.778824	-0.217346
950.055099	-0.217346	0.941833	-0.253571
950.082217	-0.253571	0.923721	-0.253571
950.106535	-0.054337	0.978058	-0.452805
950.134583	0.507141	0.941833	-0.724487
950.162317	0.452805	0.887497	-0.742599
950.191672	0.271683	0.778824	-0.344131
950.221924	0.163010	0.851273	0.036224
950.251884	0.090561	0.851273	-0.108673
950.278780	0.108673	0.941833	-0.036224
950.305934	0.036224	1.195404	-0.362244
950.352202	0.036224	1.195404	-0.253571
950.381969	0.072449	1.086731	-0.199234
950.406619	0.235458	0.941833	-0.398468
950.434872	0.108673	0.941833	-0.489029
950.465322	-0.018112	0.941833	-0.434692
950.507061	-0.018112	0.941833	-0.326019
950.532222	-0.072449	1.014282	-0.126785
950.557432	-0.072449	1.068619	0.018112
950.582428	0.217346	0.796936	0.000000
950.615407	0.054337	0.959946	-0.344131
950.637760	-0.543365	1.213516	-0.326019
950.665540	-0.307907	1.141068	-0.380356
950.696580	-0.326019	0.959946	-0.253571
950.734599	-0.380356	1.014282	-0.271683
950.755909	-0.199234	0.959946	-0.289795
950.784572	-0.018112	0.688263	-0.217346
950.807908	-0.181122	1.050507	-0.380356
950.845886	-0.199234	1.014282	-0.579590
950.875351	-0.217346	0.905609	-0.670151
950.906171	-0.090561	0.851273	-0.507141
950.934627	-0.163010	0.905609	-0.452805
950.965575	-0.018112	1.050507	-0.380356
950.997890	0.054337	0.959946	-0.108673
951.034453	-0.199234	1.177292	-0.326019
951.058998	-0.054337	1.014282	-0.271683
951.101871	0.036224	1.032394	-0.126785
951.134972	0.054337	0.923721	-0.072449
951.165065	0.018112	0.941833	-0.271683
951.210911	0.217346	0.796936	-0.126785
951.235440	0.199234	0.905609	-0.163010
951.265032	-0.253571	1.122955	-0.398468
951.286285	-0.144897	0.923721	-0.126785
951.314174	0.090561	0.905609	-0.126785
951.339670	0.253571	1.159180	-0.235458
951.369107	0.344131	1.322189	-0.144897
951.418357	0.108673	1.068619	-0.126785
951.461523	0.108673	0.996170	-0.126785
951.486606	0.126785	0.978058	-0.163010
951.514303	0.163010	0.978058	-0.181122
951.536832	0.108673	1.032394	-0.144897
951.565897	0.018112	1.122955	-0.108673
951.602739	0.000000	1.068619	-0.090561
951.623638	0.090561	1.014282	-0.126785
951.649334	0.072449	1.014282	-0.108673
951.673802	0.054337	0.978058	-0.126785
951.702006	0.018112	0.905609	-0.144897
951.730653	0.235458	0.108673	-0.072449
951.770725	-0.018112	1.177292	-0.126785
951.790746	0.072449	1.304077	-0.163010
951.836190	0.072449	1.358414	-0.144897
951.865727	-0.018112	0.905609	-0.072449
951.888448	0.054337	1.122955	-0.126785
951.912955	0.090561	1.213516	-0.163010
951.939168	0.036224	1.086731	-0.090561
951.985289	0.108673	0.833160	0.018112
952.006114	0.090561	0.978058	-0.090561
952.032298	0.000000	1.213516	-0.054337
952.063973	0.054337	1.195404	-0.163010
952.103323	0.036224	1.068619	-0.090561
952.123578	0.072449	1.050507	-0.126785
952.149797	0.072449	0.978058	-0.054337
952.174519	0.090561	0.851273	-0.126785
952.203329	0.090561	0.778824	-0.126785
952.224330	0.126785	0.724487	-0.036224
952.251208	0.235458	1.050507	-0.543365
952.279873	0.126785	1.720657	-0.271683
952.320632	-0.253571	1.050507	-0.217346
952.341429	-0.144897	1.068619	-0.253571
952.368533	-0.036224	1.050507	-0.271683
952.398758	-0.054337	1.032394	-0.289795
952.419314	-0.036224	1.068619	-0.235458
952.459387	-0.036224	1.032394	-0.235458
952.483329	-0.036224	1.014282	-0.217346
952.505040	0.018112	1.050507	-0.235458
952.532057	0.000000	1.050507	-0.253571
952.556767	-0.090561	1.014282	-0.253571
952.581838	-0.126785	0.978058	-0.235458
952.608557	-0.054337	0.941833	-0.253571
952.629872	0.018112	0.959946	-0.271683
952.666955	0.108673	1.032394	-0.289795
952.697873	0.072449	1.068619	-0.217346
952.737159	-0.054337	0.996170	-0.235458
952.758915	-0.108673	0.996170	-0.253571
952.782794	-0.072449	1.014282	-0.253571
952.806945	-0.036224	0.996170	-0.289795
952.834625	0.036224	1.068619	-0.271683
952.856759	0.036224	1.086731	-0.271683
952.900500	0.036224	0.941833	-0.289795
952.943177	0.036224	0.959946	-0.416580
952.968347	0.054337	0.923721	-0.362244
952.998276	0.072449	0.959946	-0.398468
953.021131	0.126785	0.923721	-0.380356
953.049429	0.126785	0.923721	-0.416580
953.072061	0.108673	0.887497	-0.398468
953.093301	0.108673	0.887497	-0.434692
953.119030	0.108673	0.923721	-0.434692
953.147378	0.126785	0.941833	-0.434692
953.169272	0.144897	0.996170	-0.434692
953.200363	0.181122	1.032394	-0.434692
953.245029	0.163010	1.014282	-0.452805
953.269783	0.163010	1.032394	-0.452805
953.299202	0.144897	1.068619	-0.398468
953.319677	0.090561	1.122955	-0.326019
953.351081	0.163010	1.068619	-0.271683
953.374301	0.072449	1.104843	-0.326019
953.402102	-0.398468	1.141068	-0.362244
953.432005	-0.633926	0.978058	-0.163010
953.472346	-0.326019	0.760712	-0.108673
953.499517	-0.380356	1.014282	-0.181122
953.520460	-0.289795	1.050507	-0.271683
953.549788	-0.271683	0.923721	-0.217346
953.581192	-0.307907	0.959946	-0.235458
953.619313	-0.326019	0.923721	-0.163010
953.642402	-0.380356	0.869385	-0.344131
953.671063	-0.271683	0.905609	-0.181122
953.700324	-0.036224	1.068619	-0.090561
953.732094	-0.054337	1.068619	-0.398468
953.759377	-0.217346	0.923721	-0.344131
953.788822	-0.217346	0.923721	-0.289795
953.809009	-0.380356	0.869385	-0.253571
953.836849	-0.344131	0.796936	-0.217346
953.869704	-0.380356	0.869385	-0.307907
953.917300	-0.489029	0.887497	-0.253571
953.950694	-0.543365	0.869385	-0.289795
953.972770	-0.561478	0.996170	-0.217346
954.002376	-0.525253	1.050507	-0.289795
954.033200	-0.489029	0.959946	-0.416580
954.065929	-0.362244	0.923721	-0.470917
954.108878	0.018112	0.978058	-0.271683
954.131435	-0.362244	0.670151	0.144897
954.173045	-1.032394	1.503311	-0.181122
954.205850	-0.670151	1.865555	-0.217346
954.234304	-0.452805	1.467087	0.036224
954.266007	-0.289795	1.267853	-0.108673
954.298431	-0.253571	0.905609	0.054337
954.336294	-0.163010	0.851273	-0.217346
954.358860	-0.054337	0.887497	-0.036224
954.382158	-0.217346	0.778824	-0.307907
954.403725	-0.307907	0.543365	-0.235458
954.424593	-0.326019	0.579590	-0.289795
954.483596	-0.271683	0.543365	-0.362244
954.506188	-0.018112	0.887497	-0.434692
954.550319	0.380356	1.159180	-0.724487
954.582412	0.126785	1.213516	-0.615814
954.604118	0.072449	1.304077	-0.489029
954.625018	0.090561	1.050507	-0.507141
954.650775	-0.235458	1.159180	-0.090561
954.675339	-0.615814	1.648209	-0.326019
954.737415	-1.014282	0.923721	-0.108673
954.758871	-0.688263	0.597702	-0.108673
954.781651	-0.289795	0.905609	-0.199234
954.809215	-0.307907	1.141068	-0.525253
954.838273	-0.199234	1.032394	-0.416580
954.876732	-0.199234	0.851273	-0.434692
954.901250	-0.108673	1.032394	-0.235458
954.926336	-0.307907	0.815048	-0.253571
954.966006	-0.253571	0.742599	-0.434692
954.998642	-0.253571	0.959946	-0.289795
955.027286	-0.307907	0.923721	-0.271683
955.057595	-0.326019	0.833160	-0.344131
955.087083	-0.362244	0.833160	-0.307907
955.124245	-0.470917	0.833160	-0.253571
955.152971	-0.543365	0.796936	-0.307907
955.179218	-0.670151	0.996170	-0.307907
955.219340	-0.615814	1.068619	-0.416580
955.241374	-0.181122	0.959946	-0.597702
955.268115	0.054337	0.796936	-0.036224
955.298533	-0.144897	0.796936	0.181122
955.325741	-0.724487	1.014282	0.181122
955.369187	-1.322189	1.521423	-0.126785
955.404152	-0.289795	1.267853	-0.072449
955.433885	-0.126785	0.905609	-0.072449
955.454409	0.018112	0.688263	0.036224
955.482197	0.072449	0.833160	0.036224
955.506464	-0.326019	0.670151	-0.434692
955.537922	-0.235458	0.670151	-0.398468
955.579957	-0.398468	0.434692	-0.271683
955.605083	-0.235458	0.579590	-0.271683
955.634395	-0.126785	0.670151	-0.344131
955.657301	0.108673	1.050507	-0.416580
955.683700	0.470917	1.141068	-0.652039
955.715747	0.126785	1.086731	-0.742599
955.755964	-0.072449	1.267853	-0.724487
955.783956	-0.199234	1.376526	0.000000
955.805937	-0.796936	1.756882	-0.489029
955.834157	-1.195404	0.778824	0.018112
955.856841	-0.670151	0.489029	-0.126785
955.888139	-0.452805	0.996170	-0.217346
955.934046	-0.126785	1.122955	-0.307907
955.956618	-0.434692	0.778824	-0.253571
955.984805	-0.525253	0.543365	-0.054337
956.016717	-0.398468	0.688263	-0.706375
956.048229	-0.271683	0.996170	0.199234
956.090763	-0.289795	0.923721	-0.090561
956.133512	-0.217346	0.959946	-0.380356
956.157608	-0.199234	0.923721	-0.362244
956.182131	-0.326019	0.851273	-0.271683
956.222572	-0.416580	0.815048	-0.326019
956.252762	-0.452805	0.887497	-0.398468
956.284878	-0.452805	0.815048	-0.326019
956.318430	-0.597702	0.760712	-0.199234
956.363684	-0.507141	0.996170	-0.525253
956.409514	-0.235458	0.815048	0.000000
956.433921	-0.869385	1.376526	0.326019
956.481409	-1.575760	2.137238	-0.271683
956.503173	-1.304077	2.082901	-0.289795
956.541051	-1.032394	1.756882	-0.253571
956.569084	-0.470917	1.412750	-0.326019
956.589036	0.108673	0.760712	0.561478
956.622680	-0.326019	0.706375	-0.307907
956.654938	-0.253571	0.706375	-0.217346
956.675201	-0.398468	0.289795	-0.452805
956.716829	-0.144897	0.489029	-0.452805
956.751289	0.090561	0.615814	-0.525253
956.773938	0.326019	0.978058	-0.434692
956.800421	0.597702	1.376526	-1.068619
956.831576	-0.054337	1.322189	-0.688263
956.862858	-0.054337	1.340302	-0.398468
956.888655	-0.688263	1.412750	-0.525253
956.910510	-1.231628	1.195404	-0.072449
956.936614	-0.778824	0.470917	-0.217346
956.985798	-0.489029	0.724487	-0.199234
957.017935	-0.362244	1.322189	-0.181122
957.051409	-0.181122	1.485199	-0.163010
957.083171	-0.181122	0.887497	-0.199234
957.110103	-0.507141	0.652039	0.163010
957.141435	-0.326019	0.760712	-0.742599
957.173198	-0.307907	0.923721	0.072449
957.203251	-0.434692	0.579590	-0.561478
957.235611	-0.362244	0.796936	-0.217346
957.270706	-0.434692	0.941833	-0.253571
957.294481	-0.217346	0.923721	-0.271683
957.332458	-0.416580	0.724487	-0.380356
957.363359	-0.489029	0.760712	-0.398468
957.388845	-0.615814	0.778824	-0.326019
957.418299	-0.670151	0.959946	-0.452805
957.438050	-0.434692	0.869385	-0.307907
957.471357	0.108673	0.833160	-0.235458
957.506292	-0.018112	0.851273	0.072449
957.529860	-0.670151	1.086731	0.235458
957.564047	-1.195404	1.666321	-0.326019
957.603722	-0.724487	1.702545	-0.054337
957.634633	-0.489029	1.322189	-0.235458
957.666699	-0.326019	1.050507	0.054337
957.706032	-0.199234	0.778824	0.054337
957.739975	-0.271683	0.633926	-0.398468
957.769055	-0.289795	0.525253	-0.326019
957.789575	-0.416580	0.380356	-0.271683
957.821873	-0.307907	0.470917	-0.344131
957.851738	-0.108673	0.579590	-0.470917
957.883194	0.018112	0.778824	-0.416580
957.921848	0.434692	1.539536	-0.815048
957.944753	-0.090561	1.304077	-0.796936
957.972276	0.054337	0.959946	-0.470917
958.021726	-1.213516	1.738770	-0.470917
958.066430	-0.597702	0.579590	-0.144897
958.091570	-0.398468	1.177292	-0.271683
958.116293	-0.416580	1.322189	-0.253571
958.153577	-0.271683	0.996170	-0.289795
958.176909	-0.434692	0.724487	-0.072449
958.205205	-0.416580	0.652039	-0.253571
958.242228	-0.344131	0.959946	0.054337
958.266918	-0.344131	0.597702	-0.507141
958.291861	-0.289795	0.706375	-0.307907
958.332014	-0.434692	0.887497	-0.271683
958.368386	-0.326019	1.032394	-0.307907
958.393565	-0.398468	0.887497	-0.271683
958.420945	-0.561478	0.742599	-0.362244
958.442529	-0.525253	0.760712	-0.507141
958.467641	-0.615814	0.670151	-0.380356
958.492747	-0.706375	0.833160	-0.380356
958.520845	-0.579590	0.941833	-0.380356
958.543030	-0.126785	0.941833	-0.470917
958.571228	-0.108673	0.796936	0.163010
958.593222	-0.525253	0.851273	0.126785
958.620306	-0.959946	1.267853	0.181122
958.643436	-1.340302	1.720657	-0.271683
958.669051	-0.778824	1.847443	-0.090561
958.701985	-0.470917	1.340302	-0.199234
958.738345	-0.289795	1.086731	0.018112
958.759630	-0.181122	0.724487	0.163010
958.786856	-0.108673	0.579590	0.072449
958.819519	-0.289795	0.543365	-0.217346
958.851241	-0.344131	0.561478	-0.380356
958.882400	-0.434692	0.380356	-0.362244
958.923888	-0.235458	0.470917	-0.344131
958.945401	-0.072449	0.905609	-0.289795
958.971760	0.271683	1.394638	-0.796936
959.000793	0.108673	1.448975	-0.724487
959.041138	-0.108673	1.322189	-0.579590
959.070707	-0.633926	1.539536	0.199234
959.101261	-1.086731	0.978058	-0.307907
959.123537	-1.086731	0.470917	-0.217346
959.152461	-0.670151	0.851273	-0.253571
959.174780	-0.507141	1.231628	-0.199234
959.201976	-0.217346	1.141068	-0.181122
959.239347	-0.398468	0.688263	-0.235458
959.259731	-0.470917	0.615814	-0.054337
959.285954	-0.452805	0.742599	-0.633926
959.316622	-0.362244	0.905609	-0.307907
959.350961	-0.416580	0.978058	0.090561
959.377506	-0.307907	0.670151	-0.362244
959.404820	-0.362244	0.815048	-0.253571
959.454814	-0.434692	0.905609	-0.271683
959.478498	-0.452805	0.833160	-0.344131
959.508033	-0.470917	0.923721	-0.380356
959.548103	-0.507141	0.615814	-0.452805
959.576249	-0.688263	0.760712	-0.416580
959.615352	-0.778824	0.941833	-0.362244
959.648176	0.108673	0.778824	-0.144897
959.675277	-0.199234	0.778824	0.090561
959.716020	-0.959946	1.032394	0.271683
959.744588	-1.539536	1.430862	-0.181122
959.776620	-1.068619	1.521423	-0.344131
959.805578	-0.796936	1.611984	-0.235458
959.835779	-0.525253	1.249741	-0.036224
959.870419	-0.217346	0.815048	0.126785
959.902659	-0.235458	0.670151	-0.416580
959.925598	-0.326019	0.561478	-0.253571
959.970991	-0.326019	0.416580	-0.380356
959.995543	-0.344131	0.362244	-0.307907
960.025113	-0.271683	0.434692	-0.289795
960.053463	-0.199234	0.525253	-0.380356
960.085455	0.018112	1.050507	-0.489029
960.118090	0.307907	1.358414	-0.796936
960.151757	-0.072449	1.249741	-0.724487
960.175988	-0.470917	1.086731	0.307907
960.212917	-1.177292	1.829330	-0.470917
960.244062	-1.358414	0.525253	-0.072449
960.271843	-0.652039	0.561478	-0.253571
960.302514	-0.434692	0.923721	-0.144897
960.333575	-0.326019	1.104843	-0.507141
960.368330	-0.525253	0.996170	-0.217346
960.401201	-0.489029	0.670151	-0.181122
960.443092	-0.489029	0.905609	-0.072449
960.477049	-0.289795	0.615814	-0.344131
960.502399	-0.362244	0.706375	-0.271683
960.527334	-0.452805	0.923721	-0.326019
960.552411	-0.489029	1.122955	-0.398468
960.594705	-0.307907	0.851273	-0.307907
960.617882	-0.470917	0.760712	-0.380356
960.652282	-0.597702	0.724487	-0.380356
960.677410	-0.633926	0.905609	-0.362244
960.725785	-0.652039	1.014282	-0.362244
960.754072	-0.144897	0.724487	-0.253571
960.779716	-0.144897	0.742599	-0.054337
960.803673	-0.470917	0.760712	0.144897
960.838176	-0.905609	1.159180	0.199234
960.878912	-0.815048	1.738770	-0.380356
960.903884	-0.543365	1.412750	-0.163010
960.929116	-0.398468	1.104843	0.108673
960.957497	-0.344131	0.633926	0.144897
960.987031	-0.307907	0.597702	-0.072449
961.018119	-0.253571	0.597702	-0.090561
961.044917	-0.289795	0.615814	-0.307907
961.073560	-0.271683	0.525253	-0.344131
961.102400	-0.326019	0.380356	-0.362244
961.129512	-0.181122	0.579590	-0.416580
961.157522	-0.018112	0.851273	-0.489029
961.179727	0.380356	1.304077	-0.778824
961.226952	0.090561	1.394638	-0.851273
961.253830	-0.144897	1.285965	-0.760712
961.285639	-0.144897	1.068619	-0.561478
961.311527	-0.652039	1.285965	-0.036224
961.341496	-0.978058	1.394638	-0.579590
961.372373	-1.104843	0.633926	-0.090561
961.394553	-0.579590	1.086731	-0.235458
961.431728	-0.452805	0.869385	-0.253571
961.467650	-0.561478	0.633926	-0.072449
961.508840	-0.434692	0.597702	-0.615814
961.536033	-0.561478	1.050507	0.470917
961.557773	-0.326019	0.706375	-0.615814
961.587115	-0.344131	0.652039	-0.470917
961.609893	-0.416580	0.833160	-0.271683
961.640169	-0.452805	0.869385	-0.380356
961.682316	-0.398468	0.869385	-0.344131
961.728189	-0.507141	0.833160	-0.398468
961.753169	-0.434692	0.796936	-0.326019
961.773518	-0.507141	0.652039	-0.362244
961.804344	-0.670151	0.760712	-0.217346
961.840143	-0.507141	0.796936	-0.452805
961.882956	-0.181122	0.796936	0.126785
961.909304	-0.724487	1.068619	0.253571
961.938490	-1.394638	1.448975	-0.054337
961.990812	-1.122955	1.503311	-0.489029
962.021502	-0.978058	1.448975	-0.326019
962.051238	-0.452805	1.141068	-0.090561
962.091088	-0.307907	0.851273	0.199234
962.113567	-0.144897	0.815048	0.199234
962.134814	-0.380356	0.579590	-0.380356
962.159412	-0.344131	0.452805	-0.380356
962.188623	-0.362244	0.398468	-0.307907
962.223419	-0.289795	0.561478	-0.289795
962.253154	-0.144897	0.742599	-0.271683
962.285655	0.090561	0.941833	-0.416580
962.323843	0.253571	1.285965	-1.104843
962.345590	-0.199234	1.322189	-0.978058
962.373322	-0.108673	1.014282	-0.507141
962.404747	-0.833160	2.173462	-0.579590
962.427372	-1.285965	0.869385	0.018112
962.471013	-0.724487	0.633926	-0.144897
962.501661	-0.670151	1.304077	-0.489029
962.540672	-0.507141	0.978058	-0.271683
962.563089	-0.670151	0.615814	-0.199234
962.586186	-0.507141	0.670151	-0.344131
962.611327	-0.144897	1.032394	-0.289795
962.642868	-0.434692	0.742599	-0.253571
962.687685	-0.289795	0.833160	-0.217346
962.721711	-0.253571	0.887497	-0.289795
962.753649	-0.326019	0.941833	-0.307907
962.787559	-0.362244	0.869385	-0.326019
962.820409	-0.525253	0.652039	-0.307907
962.866288	-0.633926	0.778824	-0.380356
962.888394	-0.706375	0.887497	-0.326019
962.912580	-0.615814	0.869385	-0.326019
962.938855	-0.307907	0.796936	-0.398468
962.979759	-0.090561	0.742599	-0.108673
963.009089	-0.489029	0.760712	0.126785
963.038146	-0.923721	1.068619	0.289795
963.067639	-1.539536	1.666321	-0.416580
963.107467	-0.543365	1.503311	-0.144897
963.128676	-0.398468	1.104843	0.018112
963.171044	-0.181122	0.633926	0.090561
963.215464	-0.434692	0.507141	-0.253571
963.239766	-0.398468	0.615814	-0.434692
963.269635	-0.416580	0.344131	-0.416580
963.291138	-0.235458	0.470917	-0.344131
963.319515	-0.235458	0.597702	-0.362244
963.345715	-0.090561	0.959946	-0.235458
963.375052	0.307907	1.267853	-0.579590
963.422017	-0.289795	1.213516	-0.652039
963.445029	0.036224	1.032394	-0.724487
963.472939	-0.253571	1.068619	0.217346
963.501873	-0.833160	1.738770	-0.869385
963.542576	-1.557648	0.579590	0.036224
963.570346	-0.579590	0.923721	-0.181122
963.591171	-0.579590	1.068619	-0.344131
963.621517	-0.561478	1.086731	-0.380356
963.644594	-0.561478	0.869385	-0.307907
963.669634	-0.543365	0.652039	-0.036224
963.696397	-0.434692	0.633926	-0.199234
963.726143	-0.181122	0.996170	-0.163010
963.756397	-0.434692	0.742599	-0.126785
963.788180	-0.452805	0.597702	-0.326019
963.811947	-0.362244	0.706375	-0.344131
963.855446	-0.398468	0.905609	-0.289795
963.892604	-0.507141	0.905609	-0.380356
963.917114	-0.489029	0.869385	-0.380356
963.947061	-0.507141	0.688263	-0.416580
963.976876	-0.579590	0.633926	-0.344131
964.004260	-0.742599	0.941833	-0.326019
964.036223	-0.670151	0.887497	-0.434692
964.069714	-0.036224	0.742599	-0.307907
964.124218	-0.597702	0.851273	0.326019
964.144539	-1.285965	1.448975	0.108673
964.169022	-1.068619	1.485199	-0.307907
964.206947	-0.525253	1.231628	-0.163010
964.236290	-0.362244	1.086731	0.199234
964.269760	-0.181122	0.833160	0.289795
964.307507	-0.163010	0.833160	-0.036224
964.344481	-0.434692	0.416580	-0.398468
964.370908	-0.434692	0.344131	-0.344131
964.394673	-0.271683	0.452805	-0.271683
964.419214	-0.199234	0.489029	-0.362244
964.452546	0.054337	0.941833	-0.434692
964.486364	0.344131	1.412750	-0.959946
964.524958	-0.217346	1.394638	-0.815048
964.546316	-0.144897	1.122955	-0.724487
964.572781	0.072449	0.815048	-0.670151
964.602697	-0.670151	1.539536	0.126785
964.625756	-1.141068	0.289795	-0.235458
964.670922	-0.525253	0.996170	-0.054337
964.702320	-0.416580	1.159180	-0.597702
964.742755	-0.724487	0.941833	-0.326019
964.763414	-0.796936	0.633926	-0.090561
964.789389	-0.507141	0.652039	0.181122
964.818923	-0.362244	0.652039	-0.108673
964.847879	-0.271683	0.887497	-0.452805
964.877918	-0.344131	0.615814	-0.362244
964.900672	-0.398468	0.796936	-0.271683
964.925049	-0.470917	0.978058	-0.289795
964.972198	-0.489029	0.959946	-0.362244
965.006028	-0.452805	0.923721	-0.380356
965.037765	-0.489029	0.778824	-0.398468
965.069636	-0.434692	0.724487	-0.470917
965.114878	-0.724487	0.778824	-0.289795
965.138294	-0.706375	0.887497	-0.362244
965.158647	-0.054337	0.724487	-0.108673
965.213299	-1.086731	1.412750	0.398468
965.241943	-1.666321	1.648209	-0.217346
965.273464	-0.959946	1.539536	-0.362244
965.304928	-0.959946	1.503311	-0.181122
965.330836	-0.416580	1.141068	0.036224
965.377335	-0.144897	0.633926	0.253571
965.403790	-0.398468	0.579590	-0.398468
965.424216	-0.416580	0.470917	-0.326019
965.455351	-0.470917	0.289795	-0.398468
965.485942	-0.307907	0.452805	-0.344131
965.530014	-0.199234	0.507141	-0.434692
965.553265	0.072449	1.050507	-0.253571
965.573036	0.452805	1.430862	-0.742599
965.593186	-0.235458	1.195404	-1.032394
965.631791	-0.253571	1.104843	-0.652039
965.675272	-1.919891	1.611984	-0.235458
965.705757	-1.304077	0.416580	-0.144897
965.727325	-0.652039	0.851273	-0.163010
965.755397	-0.543365	1.177292	-0.199234
965.786185	-0.326019	0.978058	-0.217346
965.827420	-0.543365	0.796936	-0.289795
965.854657	-0.742599	0.615814	0.072449
965.876261	-0.289795	0.869385	-0.398468
965.900816	-0.271683	1.032394	-0.380356
965.928373	-0.307907	0.688263	-0.380356
965.965236	-0.307907	0.633926	-0.362244
965.991315	-0.398468	0.742599	-0.217346
966.026043	-0.416580	0.905609	-0.362244
966.046353	-0.416580	0.923721	-0.362244
966.084636	-0.543365	0.815048	-0.416580
966.127423	-0.652039	0.760712	-0.326019
966.155395	-0.778824	0.887497	-0.307907
966.177690	-0.724487	0.851273	-0.416580
966.206776	-0.181122	0.742599	-0.398468
966.241370	-0.072449	0.688263	-0.090561
966.275458	-0.307907	0.724487	0.144897
966.296255	-0.815048	1.104843	0.344131
966.345115	-1.068619	1.702545	-0.326019
966.372333	-0.652039	1.430862	-0.144897
966.409653	-0.452805	1.159180	0.054337
966.430959	-0.181122	0.796936	0.217346
966.458337	-0.253571	0.615814	0.072449
966.489094	-0.434692	0.579590	-0.307907
966.518793	-0.344131	0.470917	-0.344131
966.558270	-0.326019	0.489029	-0.289795
966.582007	-0.181122	0.525253	-0.398468
966.607939	-0.072449	0.778824	-0.362244
966.637214	0.416580	1.430862	-0.796936
966.675687	0.108673	1.467087	-1.104843
966.697257	-0.271683	1.159180	-0.561478
966.725290	0.036224	0.923721	-0.706375
966.758261	-0.633926	1.485199	0.108673
966.788586	-1.195404	0.271683	-0.163010
966.808611	-0.760712	0.652039	-0.199234
966.855985	-0.597702	1.122955	-0.271683
966.887221	-0.326019	1.068619	-0.398468
966.925196	-0.561478	0.796936	-0.235458
966.946658	-0.706375	0.597702	0.000000
966.972715	-0.344131	0.815048	-0.470917
967.006357	-0.398468	0.996170	0.217346
967.039629	-0.380356	0.652039	-0.470917
967.064956	-0.434692	0.815048	-0.253571
967.106519	-0.416580	0.905609	-0.344131
967.131825	-0.398468	0.905609	-0.362244
967.168737	-0.452805	0.760712	-0.398468
967.205239	-0.489029	0.778824	-0.326019
967.237291	-0.670151	0.597702	-0.344131
967.274111	-0.778824	0.887497	-0.507141
967.296331	-0.434692	0.923721	-0.507141
967.345943	-0.163010	0.724487	0.144897
967.375686	-0.851273	0.923721	0.344131
967.404963	-1.702545	1.539536	-0.163010
967.438221	-1.213516	1.557648	-0.380356
967.469193	-0.851273	1.394638	-0.144897
967.507832	-0.271683	0.869385	0.235458
967.538369	-0.181122	0.652039	-0.235458
967.562782	-0.507141	0.597702	-0.289795
967.604290	-0.470917	0.561478	-0.380356
967.643128	-0.452805	0.344131	-0.326019
967.664490	-0.362244	0.434692	-0.271683
967.691881	-0.289795	0.470917	-0.344131
967.723529	0.018112	1.122955	-0.289795
967.754035	0.452805	1.285965	-0.978058
967.788274	-0.217346	1.159180	-0.778824
967.812227	-0.326019	1.195404	-0.380356
967.855211	-1.340302	1.919891	-0.380356
967.882177	-0.923721	0.615814	-0.144897
967.912279	-0.688263	0.470917	-0.163010
967.938622	-0.742599	1.032394	-0.181122
967.969312	-0.652039	1.304077	-0.344131
968.008891	-0.470917	0.670151	-0.289795
968.030228	-0.597702	0.507141	-0.108673
968.056208	-0.452805	0.633926	-0.579590
968.089128	-0.235458	0.978058	-0.126785
968.124151	-0.326019	0.615814	-0.362244
968.157175	-0.434692	0.670151	-0.326019
968.190390	-0.416580	0.833160	-0.271683
968.223582	-0.434692	0.851273	-0.289795
968.264478	-0.470917	0.688263	-0.398468
968.288185	-0.507141	0.742599	-0.398468
968.311949	-0.688263	0.688263	-0.416580
968.362315	-0.778824	0.851273	-0.380356
968.382732	-0.579590	0.905609	-0.434692
968.409263	-0.018112	0.905609	-0.271683
968.432522	-0.126785	0.760712	0.126785
968.463205	-0.670151	0.905609	0.307907
968.510945	-1.485199	1.539536	-0.452805
968.530999	-0.959946	1.666321	-0.181122
968.558604	-0.507141	1.267853	-0.072449
968.589218	-0.362244	1.050507	0.090561
968.621276	-0.144897	0.652039	-0.072449
968.661254	-0.470917	0.561478	-0.380356
968.690474	-0.507141	0.271683	-0.398468
968.713833	-0.434692	0.163010	-0.289795
968.742329	-0.344131	0.489029	-0.271683
968.771876	-0.253571	0.652039	-0.344131
968.804291	0.000000	1.086731	-0.398468
968.836502	0.489029	1.394638	-0.869385
968.872589	-0.144897	1.304077	-0.833160
968.895928	-0.072449	0.833160	-0.561478
968.939331	-1.557648	1.068619	0.018112
968.974853	-0.959946	0.326019	-0.253571
968.996685	-0.724487	0.796936	-0.181122
969.029078	-0.525253	1.231628	-0.434692
969.064754	-0.652039	0.742599	-0.163010
969.099800	-0.597702	0.579590	-0.235458
969.131396	-0.579590	0.670151	-0.126785
969.156715	-0.344131	0.760712	-0.452805
969.188035	-0.416580	0.851273	-0.181122
969.221389	-0.434692	0.652039	-0.416580
969.258578	-0.470917	0.778824	-0.380356
969.280756	-0.525253	0.996170	-0.380356
969.322560	-0.380356	0.833160	-0.489029
969.357794	-0.398468	0.851273	-0.416580
969.380808	-0.434692	0.652039	-0.416580
969.407340	-0.760712	0.652039	-0.289795
969.431997	-0.905609	0.778824	-0.416580
969.459343	-0.452805	0.905609	-0.416580
969.498350	0.018112	0.815048	-0.362244
969.527506	-0.217346	0.706375	0.126785
969.575688	-1.358414	1.756882	-0.452805
969.596418	-0.869385	1.430862	-0.235458
969.624153	-0.615814	1.177292	-0.199234
969.654362	-0.289795	0.905609	-0.054337
969.696173	-0.163010	0.796936	0.235458
969.723801	-0.470917	0.597702	-0.271683
969.768686	-0.470917	0.416580	-0.307907
969.793556	-0.416580	0.398468	-0.289795
969.822906	-0.307907	0.452805	-0.307907
969.844174	-0.199234	0.470917	-0.398468
969.874827	0.018112	0.941833	-0.344131
969.906863	0.362244	1.430862	-0.851273
969.939922	-0.271683	1.285965	-0.688263
969.972535	-0.271683	1.195404	-0.652039
969.998792	-0.271683	1.122955	-0.452805
970.026166	-0.923721	0.507141	-0.235458
970.048167	-0.978058	0.416580	-0.163010
970.088163	-0.778824	0.941833	-0.235458
970.128022	-0.688263	1.285965	-0.416580
970.149992	-0.561478	1.104843	-0.217346
970.176110	-0.615814	0.688263	-0.217346
970.207227	-0.597702	0.507141	-0.090561
970.228695	-0.543365	0.688263	-0.108673
970.275981	-0.380356	0.597702	-0.434692
970.320797	-0.470917	0.869385	-0.271683
970.345974	-0.434692	0.959946	-0.307907
970.378974	-0.398468	0.905609	-0.307907
970.421336	-0.434692	0.778824	-0.416580
970.447830	-0.597702	0.597702	-0.398468
970.473955	-0.778824	0.615814	-0.326019
970.505575	-0.815048	0.887497	-0.217346
970.537817	-0.688263	0.778824	-0.362244
970.572113	-0.090561	0.742599	-0.326019
970.612251	-0.561478	0.778824	0.271683
970.644299	-1.195404	1.195404	0.271683
970.674081	-1.756882	1.684433	-0.452805
970.707662	-0.615814	1.358414	0.018112
970.737150	-0.416580	1.068619	-0.036224
970.776248	-0.217346	0.670151	0.144897
970.797439	-0.380356	0.543365	-0.362244
970.824973	-0.489029	0.452805	-0.362244
970.848970	-0.416580	0.434692	-0.362244
970.875318	-0.416580	0.326019	-0.289795
970.899028	-0.398468	0.398468	-0.271683
970.926852	-0.253571	0.597702	-0.380356
970.957446	-0.126785	0.815048	-0.434692
970.977989	0.398468	1.340302	-0.742599
970.998172	0.181122	1.249741	-0.978058
971.023282	-0.163010	1.249741	-0.579590
971.048384	-0.054337	1.213516	-0.688263
971.095030	-0.470917	1.231628	0.018112
971.116268	-1.032394	1.630096	-0.615814
971.142855	-1.195404	0.507141	0.126785
971.173831	-0.724487	0.633926	-0.217346
971.205886	-0.670151	1.068619	-0.271683
971.237936	-0.507141	1.195404	-0.380356
971.260138	-0.633926	0.579590	-0.126785
971.299491	-0.507141	0.615814	-0.452805
971.333940	-0.307907	1.014282	-0.434692
971.364821	-0.470917	0.833160	-0.126785
971.392203	-0.253571	0.652039	-0.398468
971.422653	-0.398468	0.796936	-0.253571
971.458609	-0.489029	0.887497	-0.289795
971.492260	-0.489029	0.869385	-0.380356
971.520884	-0.543365	0.760712	-0.416580
971.550639	-0.525253	0.652039	-0.452805
971.600261	-0.597702	0.688263	-0.326019
971.631025	-0.742599	0.869385	-0.307907
971.659617	-0.579590	0.923721	-0.579590
971.689965	0.018112	0.760712	-0.217346
971.723223	-0.217346	0.652039	0.036224
971.758143	-0.905609	0.959946	0.289795
971.790343	-1.611984	1.485199	-0.090561
971.821573	-1.086731	1.630096	-0.525253
971.864380	-0.326019	0.796936	0.126785
971.909323	-0.217346	0.633926	-0.090561
971.953028	-0.452805	0.398468	-0.344131
971.978101	-0.326019	0.452805	-0.344131
972.007593	-0.217346	0.507141	-0.398468
972.029401	-0.036224	0.706375	-0.362244
972.055454	0.181122	1.177292	-0.470917
972.084385	-0.108673	1.304077	-0.923721
972.114239	-0.271683	1.304077	-0.561478
972.137160	0.036224	1.032394	-0.688263
972.157713	0.036224	0.796936	-0.344131
972.178394	-0.670151	1.376526	-0.615814
972.213577	-2.173462	1.811218	-0.253571
972.253713	-0.525253	0.742599	-0.126785
972.279234	-0.416580	1.086731	-0.217346
972.311128	-0.470917	1.141068	-0.289795
972.351165	-0.688263	0.833160	-0.253571
972.383285	-0.670151	0.633926	-0.289795
972.411018	-0.543365	0.543365	-0.452805
972.441441	-0.326019	0.869385	-0.253571
972.475809	-0.344131	0.688263	-0.398468
972.509428	-0.344131	0.724487	-0.344131
972.531534	-0.434692	0.851273	-0.398468
972.559634	-0.380356	0.923721	-0.326019
972.609312	-0.398468	0.869385	-0.344131
972.633642	-0.398468	0.833160	-0.398468
972.657603	-0.416580	0.833160	-0.434692
972.682193	-0.579590	0.652039	-0.416580
972.709624	-0.688263	0.724487	-0.380356
972.740050	-0.652039	0.941833	-0.489029
972.801099	-0.054337	0.742599	-0.253571
972.821247	-0.978058	1.122955	0.271683
972.845862	-1.738770	1.539536	-0.344131
972.883406	-1.195404	1.666321	-0.289795
972.906532	-0.525253	1.086731	0.144897
972.931654	-0.199234	0.833160	0.253571
972.977869	-0.199234	0.833160	0.072449
973.008201	-0.470917	0.579590	-0.289795
973.032649	-0.416580	0.452805	-0.380356
973.060326	-0.452805	0.326019	-0.326019
973.089458	-0.344131	0.470917	-0.307907
973.129606	-0.271683	0.489029	-0.362244
973.159193	0.163010	1.122955	-0.543365
973.183302	0.018112	1.249741	-0.978058
973.210256	-0.362244	1.285965	-0.760712
973.239527	0.036224	1.104843	-0.778824
973.280198	-0.235458	1.068619	-0.307907
973.300216	-1.159180	1.756882	-0.615814
973.325540	-1.231628	0.434692	0.018112
973.364026	-0.760712	0.507141	-0.163010
973.384421	-0.489029	1.104843	-0.307907
973.409826	-0.470917	1.014282	-0.326019
973.433799	-0.615814	0.742599	-0.362244
973.477497	-0.615814	0.633926	-0.163010
973.509869	-0.398468	0.959946	-0.271683
973.534811	-0.507141	0.796936	-0.126785
973.563017	-0.362244	0.633926	-0.344131
973.592122	-0.362244	0.688263	-0.271683
973.623383	-0.416580	0.815048	-0.326019
973.651414	-0.507141	0.887497	-0.326019
973.679450	-0.398468	0.869385	-0.362244
973.708148	-0.380356	0.815048	-0.452805
973.746550	-0.543365	0.815048	-0.416580
973.771246	-0.597702	0.724487	-0.362244
973.811106	-0.670151	0.905609	-0.380356
973.857171	-0.217346	0.778824	-0.326019
973.931461	-0.108673	0.688263	0.018112
973.963557	-1.376526	1.811218	-0.543365
973.989990	-0.633926	1.285965	-0.217346
974.012668	-0.525253	1.068619	0.054337
974.038681	-0.199234	0.905609	0.054337
974.061588	-0.199234	0.688263	-0.036224
974.097017	-0.289795	0.633926	-0.199234
974.127192	-0.434692	0.543365	-0.344131
974.156473	-0.398468	0.470917	-0.307907
974.196896	-0.416580	0.289795	-0.326019
974.217765	-0.253571	0.489029	-0.362244
974.246111	-0.126785	0.905609	-0.217346
974.295045	-0.054337	1.213516	-0.978058
974.338376	0.054337	1.032394	-0.670151
974.363487	-0.724487	1.847443	-0.108673
974.394792	-1.267853	1.430862	-0.362244
974.417524	-0.996170	0.307907	-0.144897
974.444515	-0.760712	0.525253	-0.144897
974.475795	-0.760712	1.177292	-0.344131
974.514137	-0.597702	0.851273	-0.289795
974.540720	-0.543365	0.615814	-0.307907
974.564334	-0.579590	0.561478	-0.036224
974.593515	-0.398468	0.688263	-0.615814
974.614479	-0.326019	0.978058	-0.126785
974.644881	-0.452805	0.815048	-0.054337
974.691583	-0.344131	0.724487	-0.307907
974.715051	-0.416580	0.941833	-0.362244
974.739572	-0.344131	0.978058	-0.380356
974.764685	-0.380356	0.760712	-0.271683
974.799844	-0.579590	0.579590	-0.452805
974.845448	-0.706375	0.742599	-0.344131
974.865087	-0.724487	0.778824	-0.326019
974.890278	-0.706375	0.815048	-0.452805
974.915325	-0.489029	0.815048	-0.507141
974.943731	-0.144897	0.778824	-0.199234
974.965533	-0.199234	0.706375	0.144897
974.992811	-0.760712	0.887497	0.344131
975.015795	-1.430862	1.448975	0.090561
975.044810	-1.358414	1.738770	-0.398468
975.077247	-0.941833	1.774994	-0.253571
975.116778	-0.307907	1.068619	0.054337
975.142084	-0.144897	0.724487	0.144897
975.167022	-0.199234	0.633926	-0.054337
975.195618	-0.344131	0.525253	-0.416580
975.216873	-0.452805	0.434692	-0.326019
975.243645	-0.489029	0.307907	-0.380356
975.266852	-0.470917	0.326019	-0.380356
975.294673	-0.344131	0.489029	-0.326019
975.325347	-0.271683	0.670151	-0.380356
975.345674	-0.090561	1.267853	-0.181122
975.375730	0.398468	1.340302	-1.068619
975.406735	-0.199234	1.050507	-0.959946
975.445327	-0.126785	1.050507	-0.615814
975.468314	-0.670151	1.630096	-0.271683
975.493420	-1.104843	1.340302	-0.199234
975.517939	-0.887497	0.489029	-0.217346
975.543160	-0.652039	0.543365	-0.235458
975.577707	-0.742599	1.159180	-0.253571
975.607950	-0.688263	1.358414	-0.144897
975.646777	-0.525253	0.796936	-0.434692
975.673576	-0.561478	0.615814	-0.144897
975.695177	-0.416580	0.670151	-0.543365
975.724251	-0.452805	0.923721	-0.144897
975.757628	-0.525253	0.760712	-0.144897
975.780538	-0.289795	0.724487	-0.561478
975.825420	-0.434692	0.778824	-0.344131
975.846992	-0.362244	0.815048	-0.344131
975.879622	-0.434692	0.905609	-0.271683
975.920816	-0.489029	0.833160	-0.398468
975.945297	-0.507141	0.742599	-0.416580
975.975842	-0.543365	0.561478	-0.344131
975.998027	-0.633926	0.760712	-0.434692
976.026966	-0.724487	0.923721	-0.380356
976.058980	-0.507141	1.032394	-0.398468
976.091673	-0.217346	1.014282	-0.126785
976.132336	-0.362244	0.706375	0.126785
976.169250	-1.485199	1.412750	-0.217346
976.197651	-1.557648	1.611984	-0.434692
976.235594	-0.452805	1.249741	-0.163010
976.261856	-0.344131	0.959946	0.181122
976.291057	-0.144897	0.778824	0.217346
976.323742	-0.326019	0.633926	-0.344131
976.362947	-0.416580	0.615814	-0.344131
976.397401	-0.452805	0.362244	-0.326019
976.425553	-0.362244	0.561478	-0.344131
976.447620	-0.235458	0.597702	-0.362244
976.475478	-0.036224	1.050507	-0.126785
976.506258	0.434692	1.340302	-0.760712
976.529754	-0.199234	1.141068	-0.923721
976.577047	0.018112	0.978058	-0.615814
976.597738	-0.253571	1.213516	-0.235458
976.626356	-1.086731	1.793106	-0.362244
976.656968	-1.068619	0.760712	0.036224
976.694539	-0.688263	0.470917	-0.235458
976.716320	-0.597702	0.742599	-0.326019
976.743185	-0.470917	1.141068	-0.362244
976.769176	-0.597702	1.141068	-0.380356
976.798572	-0.633926	0.652039	0.000000
976.832908	-0.507141	0.706375	-0.289795
976.864186	-0.289795	0.923721	-0.398468
976.895031	-0.525253	0.742599	-0.054337
976.926879	-0.362244	0.706375	-0.344131
976.954083	-0.398468	0.869385	-0.271683
976.978661	-0.416580	0.869385	-0.344131
976.999779	-0.416580	0.887497	-0.344131
977.025135	-0.470917	0.815048	-0.416580
977.049604	-0.470917	0.760712	-0.380356
977.095968	-0.507141	0.688263	-0.398468
977.116887	-0.688263	0.633926	-0.380356
977.144480	-0.778824	0.724487	-0.326019
977.175776	-0.688263	0.815048	-0.398468
977.208099	-0.416580	1.014282	-0.253571
977.248958	-0.434692	0.778824	0.126785
977.279911	-0.833160	1.122955	0.054337
977.314663	-1.086731	1.738770	-0.181122
977.343793	-0.597702	1.304077	-0.108673
977.374080	-0.380356	0.996170	-0.072449
977.415421	-0.326019	0.633926	0.163010
977.452158	-0.416580	0.652039	-0.235458
977.477306	-0.398468	0.507141	-0.289795
977.502432	-0.398468	0.362244	-0.344131
977.527257	-0.326019	0.398468	-0.326019
977.553050	-0.235458	0.416580	-0.344131
977.582167	-0.181122	0.796936	-0.271683
977.609577	0.090561	1.412750	-0.470917
977.645679	-0.072449	1.358414	-1.014282
977.678020	0.126785	1.032394	-0.742599
977.708779	0.036224	0.978058	-0.362244
977.729591	-0.688263	1.575760	-0.470917
977.757771	-1.611984	1.593872	-0.036224
977.794871	-0.760712	0.470917	-0.253571
977.817212	-0.615814	0.706375	-0.271683
977.843023	-0.543365	0.959946	-0.253571
977.880581	-0.851273	0.742599	-0.217346
977.908949	-0.670151	0.688263	-0.018112
977.929740	-0.398468	0.688263	-0.307907
977.962557	-0.235458	0.941833	-0.289795
978.005953	-0.398468	0.742599	-0.235458
978.029986	-0.416580	0.796936	-0.289795
978.063342	-0.398468	0.869385	-0.344131
978.093422	-0.344131	0.905609	-0.380356
978.113516	-0.344131	0.923721	-0.307907
978.144295	-0.398468	0.869385	-0.362244
978.167233	-0.507141	0.815048	-0.362244
978.193035	-0.507141	0.724487	-0.416580
978.228489	-0.597702	0.597702	-0.326019
978.258387	-0.778824	0.615814	-0.380356
978.283245	-0.507141	0.905609	-0.507141
978.307974	-0.126785	0.760712	-0.090561
978.367619	-0.398468	0.670151	0.144897
978.406967	-1.358414	1.630096	-0.307907
978.431926	-0.742599	1.358414	-0.199234
978.462755	-0.380356	1.195404	-0.235458
978.484798	-0.326019	0.978058	0.199234
978.506390	-0.199234	0.851273	0.163010
978.531739	-0.289795	0.778824	-0.271683
978.563344	-0.507141	0.615814	-0.181122
978.600613	-0.398468	0.615814	-0.326019
978.625089	-0.507141	0.452805	-0.362244
978.652002	-0.434692	0.326019	-0.344131
978.680701	-0.398468	0.434692	-0.307907
978.710729	-0.253571	0.543365	-0.344131
978.741463	0.253571	1.195404	-0.652039
978.779702	0.344131	1.195404	-0.905609
978.809346	-0.181122	1.141068	-0.796936
978.833325	-0.344131	1.340302	-0.326019
978.861126	-0.941833	1.430862	-0.144897
978.891582	-0.887497	0.742599	-0.144897
978.918087	-0.706375	0.507141	-0.163010
978.958793	-0.815048	1.213516	-0.362244
978.983981	-0.543365	1.050507	-0.289795
979.008852	-0.561478	0.579590	-0.253571
979.045486	-0.543365	0.579590	-0.090561
979.084485	-0.253571	0.851273	-0.815048
979.111516	-0.507141	0.905609	0.036224
979.134730	-0.543365	0.815048	-0.163010
979.164183	-0.289795	0.742599	-0.434692
979.193994	-0.326019	0.815048	-0.307907
979.230073	-0.470917	0.833160	-0.307907
979.257470	-0.416580	0.833160	-0.344131
979.284311	-0.434692	0.887497	-0.253571
979.313410	-0.416580	0.869385	-0.253571
979.340599	-0.525253	0.706375	-0.289795
979.377675	-0.543365	0.615814	-0.271683
979.400516	-0.525253	0.760712	-0.271683
979.435561	-0.543365	0.778824	-0.416580
979.479317	-0.434692	0.959946	-0.181122
979.502728	-0.543365	1.086731	0.090561
979.523511	-0.543365	0.996170	0.235458
979.561168	-0.941833	1.050507	0.036224
979.594263	-0.633926	1.213516	-0.217346
979.624596	-0.507141	1.467087	-0.090561
979.653858	-0.815048	1.177292	0.072449
979.684075	-0.561478	0.778824	0.072449
979.708877	-0.362244	0.688263	-0.181122
979.746148	-0.398468	0.670151	-0.253571
979.788609	-0.307907	0.815048	-0.326019
979.812844	-0.380356	0.760712	-0.416580
979.842994	-0.307907	0.815048	-0.470917
979.864185	-0.199234	0.923721	-0.452805
979.892320	-0.217346	1.014282	-0.380356
979.930047	-0.271683	0.923721	-0.543365
979.952803	-0.362244	0.851273	-0.416580
979.978936	-0.489029	0.778824	-0.362244
980.008271	-0.489029	0.851273	-0.289795
980.044403	-0.507141	0.724487	-0.181122
980.089378	-0.597702	0.615814	-0.108673
980.114264	-0.869385	1.231628	-0.163010
980.143643	-0.670151	1.249741	-0.416580
980.164858	-0.326019	1.231628	-0.199234
980.193176	-0.144897	0.923721	-0.090561
980.230626	-0.416580	0.923721	-0.126785
980.265014	-0.543365	0.742599	-0.271683
980.294544	-0.543365	0.724487	-0.307907
980.315299	-0.416580	0.851273	-0.326019
980.342283	-0.416580	0.887497	-0.235458
980.366208	-0.507141	0.941833	-0.163010
980.395986	-0.489029	0.869385	-0.144897
980.416866	-0.452805	0.905609	-0.217346
980.444568	-0.470917	0.923721	-0.307907
980.476464	-0.489029	0.905609	-0.289795
980.516154	-0.561478	0.851273	-0.217346
980.544079	-0.525253	0.851273	-0.253571
980.566430	-0.326019	0.615814	-0.126785
980.593487	-0.525253	1.050507	-0.217346
980.621016	-0.489029	0.941833	-0.163010
980.651477	-0.416580	0.851273	-0.163010
980.675810	-0.597702	0.923721	-0.289795
980.702877	-0.434692	0.869385	-0.326019
980.731900	-0.452805	0.869385	-0.181122
980.757468	-0.452805	0.905609	-0.090561
980.792371	-0.561478	0.959946	-0.235458
980.817518	-0.597702	0.869385	-0.126785
980.844181	-0.434692	0.851273	-0.163010
980.881339	-0.507141	0.923721	-0.181122
980.902811	-0.525253	0.869385	-0.253571
980.928504	-0.470917	0.887497	-0.271683
980.964625	-0.470917	0.905609	-0.289795
980.994454	-0.561478	0.923721	-0.217346
981.018382	-0.416580	0.815048	-0.217346
981.043753	-0.543365	0.833160	-0.199234
981.071078	-0.615814	0.887497	-0.235458
981.100124	-0.688263	0.923721	-0.253571
981.127523	-0.525253	0.923721	-0.163010
981.153341	-0.380356	0.869385	-0.163010
981.178749	-0.561478	0.869385	-0.235458
981.201093	-0.525253	0.851273	-0.126785
981.228606	-0.452805	0.851273	-0.326019
981.253325	-0.525253	0.869385	-0.199234
981.274534	-0.507141	0.941833	-0.199234
981.296257	-0.489029	0.923721	-0.199234
981.330986	-0.561478	0.851273	-0.163010
981.357766	-0.543365	0.833160	-0.380356
981.385947	-0.434692	0.923721	-0.289795
981.416584	-0.380356	0.996170	-0.253571
981.445531	-0.416580	0.941833	-0.217346
981.476459	-0.561478	0.996170	-0.289795
981.509584	-0.434692	0.923721	-0.217346
981.547966	-0.525253	0.959946	-0.144897
981.571085	-0.380356	0.760712	-0.072449
981.597269	-0.362244	0.833160	-0.126785
981.626260	-0.380356	0.833160	-0.181122
981.652107	-0.507141	0.923721	-0.181122
981.677605	-0.543365	0.978058	-0.163010
981.703106	-0.525253	0.905609	-0.126785
981.732642	-0.434692	0.724487	-0.126785
981.757770	-0.434692	0.796936	-0.235458
981.797087	-0.434692	0.941833	-0.181122
981.827401	-0.416580	0.923721	-0.253571
981.848060	-0.434692	0.978058	-0.271683
981.876059	-0.380356	0.996170	-0.253571
981.913197	-0.452805	1.014282	-0.253571
981.947537	-0.398468	0.833160	-0.217346
981.976680	-0.344131	0.959946	-0.271683
981.998196	-0.307907	0.923721	-0.289795
982.028695	-0.307907	0.978058	-0.434692
982.054458	-0.452805	1.122955	-0.163010
982.082926	-0.489029	0.941833	-0.126785
982.110599	-0.362244	0.887497	-0.199234
982.150009	-0.144897	0.778824	-0.126785
982.177759	-0.579590	1.050507	-0.235458
982.198644	-0.543365	0.978058	-0.217346
982.226212	-0.489029	1.032394	-0.090561
982.262427	-0.344131	0.923721	-0.144897
982.285591	-0.362244	0.887497	-0.199234
982.314437	-0.416580	0.887497	-0.307907
982.344526	-0.434692	0.796936	-0.344131
982.366736	-0.416580	0.796936	-0.326019
982.399741	-0.470917	0.959946	-0.108673
982.424226	-0.470917	1.014282	-0.090561
982.452643	-0.452805	0.905609	-0.163010
982.481765	-0.452805	0.923721	-0.199234
982.501926	-0.489029	0.978058	-0.235458
982.531534	-0.507141	1.014282	-0.235458
982.578722	-0.489029	0.996170	-0.199234
982.600489	-0.398468	1.032394	-0.199234
982.631083	-0.398468	1.050507	-0.181122
982.651163	-0.416580	1.086731	-0.235458
982.676803	-0.362244	0.978058	-0.181122
982.712393	-0.362244	1.032394	-0.253571
982.733811	-0.307907	1.014282	-0.126785
982.764866	-0.344131	1.104843	-0.090561
982.785420	-0.289795	0.887497	-0.144897
982.828200	-0.307907	0.923721	-0.181122
982.859388	-0.416580	0.996170	-0.090561
982.896716	-0.416580	1.032394	-0.235458
982.928347	-0.470917	0.905609	-0.217346
982.952222	-0.199234	1.195404	-0.235458
982.981233	-0.307907	1.032394	-0.072449
983.010665	-0.362244	1.014282	-0.108673
983.052311	-0.271683	1.032394	-0.144897
983.079382	-0.217346	0.941833	-0.253571
983.102872	-0.217346	0.996170	-0.144897
983.128510	-0.217346	0.923721	-0.398468
983.152400	-0.253571	0.851273	-0.289795
983.181696	-0.289795	0.959946	-0.199234
983.212013	-0.289795	0.996170	-0.398468
983.238378	-0.307907	0.941833	-0.507141
983.267792	-0.289795	0.941833	-0.561478
983.291833	-0.253571	0.887497	-0.380356
983.330434	-0.181122	0.959946	-0.507141
983.353963	-0.163010	0.833160	-0.941833
983.381329	-0.199234	0.742599	-0.905609
983.410545	-0.108673	0.724487	-0.706375
983.448539	-0.090561	0.706375	-0.760712
983.470062	-0.108673	0.597702	-1.068619
983.495668	-0.144897	0.525253	-0.996170
983.532907	-0.163010	0.452805	-0.833160
983.555478	-0.199234	0.470917	-0.996170
983.582097	-0.199234	0.489029	-0.959946
983.613374	-0.199234	0.398468	-0.923721
983.655355	-0.126785	0.489029	-0.851273
983.680453	-0.072449	0.507141	-0.815048
983.705530	-0.090561	0.561478	-0.923721
983.733568	-0.126785	0.543365	-1.014282
983.761533	-0.090561	0.489029	-0.833160
983.792543	0.018112	0.434692	-0.815048
983.832320	-0.054337	0.398468	-0.978058
983.853489	-0.036224	0.398468	-1.032394
983.878517	0.036224	0.380356	-0.959946
983.906930	0.054337	0.344131	-1.014282
983.932277	0.126785	0.217346	-1.032394
983.966737	0.108673	0.199234	-1.014282
984.014560	0.144897	0.289795	-0.978058
984.057473	0.416580	0.235458	-0.652039
984.082423	0.434692	0.235458	-0.796936
984.111739	0.380356	0.217346	-1.141068
984.132784	0.199234	0.181122	-1.285965
984.160295	0.253571	0.090561	-1.104843
984.191369	0.289795	0.108673	-0.923721
984.220290	0.253571	0.126785	-0.923721
984.263641	0.416580	0.090561	-0.923721
984.308084	0.199234	0.072449	-1.485199
984.333496	0.271683	0.054337	-1.086731
984.363460	0.163010	0.054337	-1.014282
984.384024	0.235458	0.054337	-0.905609
984.412894	0.362244	0.054337	-0.887497
984.433958	0.398468	0.036224	-1.050507
984.460406	0.326019	0.036224	-0.959946
984.484839	0.271683	0.036224	-0.996170
984.514233	0.235458	-0.036224	-1.068619
984.535162	0.271683	-0.054337	-1.032394
984.558907	0.271683	-0.036224	-1.014282
984.596910	0.344131	-0.054337	-1.104843
984.619087	0.307907	-0.072449	-1.141068
984.646560	0.289795	-0.054337	-1.086731
984.676101	0.271683	-0.072449	-1.014282
984.705876	0.253571	-0.090561	-0.996170
984.737613	0.289795	-0.072449	-1.032394
984.765425	0.253571	-0.054337	-1.032394
984.786121	0.307907	-0.072449	-0.996170
984.814833	0.271683	-0.054337	-1.014282
984.852230	0.307907	-0.072449	-0.996170
984.875651	0.289795	-0.054337	-1.050507
984.914453	0.253571	-0.072449	-1.032394
984.935635	0.271683	-0.036224	-1.014282
984.960752	0.271683	-0.036224	-1.068619
984.986591	0.235458	-0.018112	-0.996170