799.297780	-0.072449	-0.344131	-0.923721
799.322393	0.018112	-0.434692	-1.050507
799.344336	-0.054337	-0.434692	-1.050507
799.364093	-0.144897	-0.416580	-0.978058
799.391022	-0.271683	-0.543365	-0.923721
799.424718	-0.326019	-0.416580	-0.996170
799.446830	-0.217346	-0.416580	-1.032394
799.471039	-0.054337	-0.416580	-0.996170
799.495290	-0.072449	-0.398468	-0.978058
799.514112	-0.054337	-0.398468	-0.996170
799.528412	-0.217346	-0.326019	-1.122955
799.542651	-0.144897	-0.289795	-1.086731
799.556436	-0.126785	-0.307907	-1.122955
799.586557	-0.054337	-0.380356	-0.887497
799.615348	-0.072449	-0.344131	-0.815048
799.647050	-0.108673	-0.289795	-0.851273
799.675486	-0.072449	-0.344131	-0.851273
799.707585	0.000000	-0.344131	-0.887497
799.725818	-0.090561	-0.344131	-1.068619
799.742699	-0.036224	-0.289795	-1.014282
799.758976	0.000000	-0.289795	-1.014282
799.772279	0.054337	-0.289795	-1.050507
799.789487	0.090561	-0.289795	-1.068619
799.801046	0.090561	-0.235458	-1.068619
799.826506	0.054337	-0.144897	-1.068619
799.847107	0.018112	-0.072449	-1.068619
799.871298	-0.018112	0.000000	-1.050507
799.906983	0.072449	0.000000	-1.104843
799.925542	0.036224	0.036224	-1.032394
799.954017	-0.072449	0.090561	-0.996170
799.993336	-0.072449	-0.199234	-0.815048
800.007754	-0.163010	-0.633926	-0.742599
800.024857	-0.217346	-0.941833	-0.996170
800.045699	-0.108673	-0.923721	-0.923721
800.061218	-0.018112	-0.869385	-0.815048
800.104977	0.054337	-0.778824	-0.670151
800.137120	0.036224	-0.670151	-0.615814
800.177659	-0.054337	-0.597702	-0.670151
800.197573	-0.018112	-0.398468	-0.833160
800.225148	-0.072449	-0.235458	-1.122955
800.255307	-0.163010	-0.163010	-1.122955
800.274206	-0.126785	-0.163010	-1.068619
800.291729	-0.054337	-0.289795	-1.068619
800.304837	-0.144897	-0.307907	-1.122955
800.336478	-0.181122	-0.326019	-1.159180
800.365410	-0.271683	-0.434692	-1.213516
800.396343	-0.307907	-0.470917	-1.322189
800.424457	-0.344131	-0.525253	-1.376526
800.454821	-0.380356	-0.470917	-1.376526
800.482313	-0.072449	-0.489029	-1.104843
800.502731	-0.018112	-0.416580	-1.086731
800.514615	-0.108673	-0.289795	-0.905609
800.535268	0.181122	-0.326019	-0.326019
800.557488	0.235458	-0.235458	-0.235458
800.604795	0.326019	-0.597702	-0.688263
800.637890	0.271683	-0.452805	-0.796936
800.669753	0.181122	-0.344131	-0.778824
800.710319	-0.054337	-0.217346	-0.815048
800.731105	0.181122	-0.398468	-0.959946
800.757977	0.235458	-0.452805	-0.941833
800.788519	0.199234	-0.525253	-0.724487
800.810834	0.434692	-0.652039	-0.742599
800.854723	0.344131	-0.597702	-0.670151
800.886536	0.289795	-0.615814	-0.652039
800.927572	0.235458	-0.597702	-0.561478
800.947303	0.126785	-0.579590	-0.561478
800.971642	0.217346	-0.742599	-0.416580
801.007290	-0.036224	-0.561478	-0.289795
801.021216	0.054337	-0.543365	-0.235458
801.040924	0.163010	-0.597702	-0.090561
801.053613	-0.036224	-0.959946	-0.108673
801.091400	-0.163010	-0.941833	-0.307907
801.121826	-0.199234	-0.978058	-0.307907
801.148523	0.036224	-1.213516	-0.380356
801.177225	0.163010	-1.412750	-0.307907
801.204642	0.108673	-1.485199	-0.235458
801.236666	-0.036224	-0.815048	0.126785
801.276614	-0.108673	-0.633926	0.036224
801.291154	-0.036224	-0.597702	0.018112
801.312648	0.235458	-1.322189	0.036224
801.353944	-0.054337	-1.014282	-0.144897
801.393302	-0.163010	-0.760712	-0.181122
801.415041	-0.181122	-0.579590	-0.072449
801.442088	-0.144897	-0.271683	0.199234
801.463677	0.217346	-1.684433	0.036224
801.491067	-0.742599	-0.688263	0.018112
801.514150	-0.615814	-0.923721	0.108673
801.528528	-0.344131	-0.887497	0.018112
801.542849	-0.326019	-0.887497	0.036224
801.558977	-0.217346	-1.014282	0.018112
801.606325	-0.181122	-1.068619	0.018112
801.641193	-0.126785	-0.959946	0.018112
801.659654	-0.126785	-0.851273	-0.072449
801.681587	-0.163010	-0.887497	-0.235458
801.710682	-0.181122	-0.869385	-0.235458
801.740243	-0.452805	-0.941833	0.398468
801.777385	-0.507141	-0.923721	0.235458
801.799019	-0.344131	-0.996170	0.072449
801.837695	-0.398468	-0.688263	-0.036224
801.870501	-0.344131	-0.760712	-0.108673
801.910751	-0.326019	-0.778824	-0.072449
801.931815	-0.289795	-0.760712	0.018112
801.957596	-0.271683	-0.833160	-0.036224
801.990026	-0.307907	-0.869385	-0.144897
802.022272	-0.362244	-0.887497	0.018112
802.054458	-0.380356	-0.869385	0.000000
802.094855	-0.380356	-0.887497	-0.054337
802.113401	-0.362244	-0.869385	-0.036224
802.140808	-0.344131	-0.851273	-0.036224
802.166119	-0.344131	-0.959946	-0.036224
802.185937	-0.362244	-1.032394	-0.054337
802.213864	-0.362244	-1.141068	-0.072449
802.238172	-0.434692	-1.267853	-0.072449
802.262972	-0.398468	-1.575760	-0.163010
802.280189	-0.398468	-1.086731	-0.072449
802.308027	-0.380356	-1.086731	-0.181122
802.340460	-0.289795	-1.050507	-0.181122
802.365298	-0.217346	-0.996170	-0.163010
802.393232	-0.144897	-0.941833	-0.181122
802.421870	-0.072449	-0.833160	-0.181122
802.447698	-0.054337	-0.851273	-0.199234
802.477327	-0.018112	-0.887497	-0.199234
802.494432	0.036224	-0.905609	-0.217346
802.508625	0.108673	-0.760712	-0.380356
802.521836	0.054337	-0.633926	-0.217346
802.538848	0.036224	-0.633926	-0.163010
802.551451	-0.036224	-0.688263	-0.144897
802.565105	-0.036224	-0.706375	-0.144897
802.584648	-0.036224	-0.760712	-0.144897
802.608983	-0.090561	-0.742599	-0.144897
802.623484	-0.090561	-0.706375	-0.163010
802.637023	-0.126785	-0.688263	-0.144897
802.656756	-0.144897	-0.724487	-0.144897
802.680191	-0.253571	-0.887497	0.452805
802.694898	-0.163010	-0.959946	0.688263
802.709654	-0.235458	-0.742599	-0.072449
802.723315	-0.326019	-0.688263	0.090561
802.739975	-0.452805	-0.742599	0.887497
802.752123	-0.452805	-0.760712	0.633926
802.766542	-0.434692	-0.742599	0.235458
802.780978	-0.307907	-0.851273	-0.018112
802.795415	-0.271683	-0.941833	-0.054337
802.811158	-0.271683	-1.304077	0.000000
802.855215	-0.271683	-1.521423	0.126785
802.882826	-0.434692	-1.720657	0.090561
802.913142	-0.561478	-1.630096	-0.144897
802.941419	-0.615814	-1.467087	-0.362244
802.972039	-0.217346	-0.851273	-0.307907
802.996869	-0.507141	-1.195404	-0.398468
803.011232	-0.543365	-1.231628	-0.434692
803.028745	-0.452805	-1.213516	-0.470917
803.060453	-0.362244	-0.941833	-0.398468
803.105989	-0.253571	-0.851273	-0.344131
803.138853	-0.253571	-0.796936	-0.307907
803.169766	-0.253571	-0.706375	-0.235458
803.193840	-0.253571	-0.670151	-0.199234
803.225139	-0.307907	-0.561478	-0.199234
803.239557	-0.344131	-0.543365	-0.199234
803.259823	-0.307907	-0.688263	0.036224
803.274297	-0.380356	-0.706375	0.054337
803.286950	-0.470917	-0.742599	0.018112
803.299502	-0.452805	-0.815048	0.018112
803.313605	-0.416580	-0.833160	0.036224
803.356644	-0.398468	-0.887497	0.199234
803.389780	-0.416580	-0.869385	0.108673
803.422304	-0.398468	-0.887497	0.018112
803.454075	-0.362244	-0.959946	0.126785
803.487812	-0.815048	-1.774994	-0.235458
803.521269	-0.181122	-0.851273	-0.253571
803.544981	-0.163010	-0.905609	-0.217346
803.558339	-0.181122	-1.141068	-0.344131
803.616595	-0.090561	-1.358414	-0.597702
803.644974	0.018112	-1.322189	-0.670151
803.674997	0.090561	-1.213516	-0.724487
803.705209	0.054337	-0.851273	-0.579590
803.738068	-0.144897	-0.633926	-0.108673
803.749639	-0.126785	-0.633926	-0.108673
803.761175	-0.163010	-0.597702	-0.199234
803.774282	-0.507141	-0.724487	1.485199
803.793871	-0.489029	-0.706375	0.760712
803.838442	-0.507141	-0.525253	0.416580
803.880591	-0.416580	-0.633926	0.289795
803.907581	-0.271683	-0.652039	0.054337
803.927121	-0.199234	-0.670151	-0.163010
803.955986	-0.108673	-0.778824	-0.072449
803.988171	-0.181122	-0.905609	0.054337
803.999766	-0.452805	-1.412750	0.271683
804.024735	-0.760712	-1.322189	-0.235458
804.047808	-0.326019	-0.978058	-0.380356
804.062155	-0.235458	-0.833160	-0.507141
804.122868	-0.271683	-0.851273	-0.543365
804.155177	-0.470917	-1.122955	-0.507141
804.187553	-0.579590	-1.304077	-0.525253
804.230144	-0.615814	-1.521423	-0.543365
804.253171	-0.271683	-0.561478	-0.199234
804.278088	-0.253571	-0.416580	-0.126785
804.294000	-0.253571	-0.434692	-0.072449
804.306870	-0.271683	-0.489029	-0.018112
804.344175	-0.307907	-0.561478	-0.108673
804.374203	-0.307907	-0.597702	-0.144897
804.399150	-0.380356	-0.633926	-0.090561
804.430113	-0.398468	-0.652039	-0.072449
804.460417	-0.434692	-0.706375	0.036224
804.492312	-0.470917	-0.978058	0.072449
804.524708	-0.561478	-1.231628	0.090561
804.544781	-0.706375	-1.231628	0.108673
804.583067	-0.760712	-1.485199	-0.072449
804.612797	-0.452805	-1.430862	-0.036224
804.641380	-0.307907	-1.285965	-0.036224
804.677045	-0.289795	-0.815048	-0.217346
804.698983	-0.217346	-0.742599	-0.181122
804.726752	-0.054337	-1.340302	-0.507141
804.746506	-0.090561	-0.815048	-0.507141
804.775723	-0.144897	-0.597702	-0.326019
804.781915	-0.144897	-0.597702	-0.271683
804.796398	-0.181122	-0.652039	-0.199234
804.811415	-0.163010	-0.652039	-0.199234
804.848574	-0.126785	-0.633926	-0.144897
804.876838	-0.144897	-0.633926	-0.126785
804.908625	-0.144897	-0.615814	-0.126785
804.923252	-0.126785	-0.615814	-0.163010
804.944887	-0.144897	-0.652039	-0.163010
804.966135	-0.362244	-0.597702	0.326019
804.994517	-0.289795	-0.652039	0.108673
805.010960	-0.253571	-0.796936	0.108673
805.026616	-0.362244	-0.996170	-0.054337
805.043466	-0.416580	-1.050507	-0.054337
805.058916	-0.525253	-1.195404	-0.072449
805.089486	-0.561478	-1.267853	0.018112
805.110044	-0.561478	-1.376526	0.072449
805.133235	-0.615814	-1.340302	0.126785
805.162299	-0.670151	-1.249741	0.217346
805.191531	-0.778824	-1.195404	0.018112
805.223733	-0.235458	-0.833160	-0.434692
805.262050	-0.344131	-0.959946	-0.416580
805.283282	-0.434692	-1.122955	-0.398468
805.300991	-0.434692	-1.086731	-0.434692
805.314508	-0.289795	-0.815048	-0.307907
805.363432	-0.289795	-0.778824	-0.271683
805.388160	-0.271683	-0.706375	-0.217346
805.416149	-0.289795	-0.670151	-0.199234
805.446908	-0.289795	-0.633926	-0.163010
805.471805	-0.289795	-0.543365	-0.090561
805.496459	-0.326019	-0.561478	-0.036224
805.514948	-0.416580	-0.670151	0.108673
805.530721	-0.434692	-0.760712	0.036224
805.545662	-0.416580	-0.742599	0.072449
805.559423	-0.434692	-0.796936	0.054337
805.592161	-0.470917	-0.869385	0.036224
805.622652	-0.470917	-0.959946	0.054337
805.649031	-0.507141	-1.177292	0.090561
805.678857	-0.561478	-1.267853	0.054337
805.709832	-0.670151	-1.285965	-0.054337
805.741529	-0.289795	-1.249741	-0.144897
805.762034	-0.144897	-0.507141	-0.163010
805.775860	-0.307907	-1.014282	-0.163010
805.794045	-0.307907	-1.285965	-0.253571
805.805568	-0.144897	-1.593872	-0.416580
805.840874	-0.090561	-1.521423	-0.489029
805.880148	-0.054337	-1.086731	-0.452805
805.899980	-0.072449	-0.941833	-0.416580
805.926755	-0.108673	-0.760712	-0.434692
805.957649	-0.090561	-0.724487	-0.434692
805.981457	-0.126785	-0.507141	-0.144897
805.994730	-0.181122	-0.543365	-0.144897
806.009592	-0.163010	-0.615814	-0.144897
806.025900	-0.289795	-0.815048	1.285965
806.048847	-0.271683	-0.652039	-0.126785
806.063252	-0.344131	-0.615814	0.235458
806.107528	-0.362244	-0.706375	0.525253
806.139369	-0.326019	-0.724487	0.144897
806.179706	-0.271683	-0.760712	0.018112
806.200025	-0.307907	-0.887497	0.000000
806.228174	-0.652039	-1.322189	0.036224
806.259255	-0.706375	-1.376526	-0.380356
806.279611	-0.344131	-1.014282	-0.271683
806.293535	-0.253571	-0.887497	-0.416580
806.311112	-0.416580	-1.104843	-0.416580
806.357515	-0.507141	-1.231628	-0.380356
806.389245	-0.561478	-1.267853	-0.398468
806.429238	-0.507141	-1.177292	-0.398468
806.456048	-0.507141	-1.104843	-0.416580
806.473771	-0.470917	-1.014282	-0.434692
806.510482	-0.217346	-0.434692	-0.072449
806.525295	-0.271683	-0.470917	-0.090561
806.541831	-0.289795	-0.525253	-0.163010
806.553408	-0.326019	-0.543365	-0.144897
806.591172	-0.362244	-0.633926	-0.018112
806.629101	-0.380356	-0.652039	0.018112
806.650311	-0.416580	-0.724487	0.072449
806.677268	-0.434692	-0.760712	0.072449
806.691990	-0.434692	-0.778824	0.018112
806.710923	-0.670151	-1.249741	0.018112
806.737602	-0.778824	-1.267853	0.018112
806.754582	-0.815048	-1.630096	-0.054337
806.773310	-0.670151	-1.648209	-0.072449
806.797207	-0.253571	-0.923721	-0.217346
806.811621	-0.163010	-0.724487	-0.199234
806.844922	-0.108673	-0.652039	-0.163010
806.875096	-0.163010	-0.815048	-0.181122
806.909076	-0.253571	-1.267853	-0.271683
806.939181	-0.217346	-1.448975	-0.398468
806.978775	-0.072449	-1.304077	-0.470917
807.007646	-0.072449	-0.978058	-0.416580
807.020260	-0.108673	-0.760712	-0.452805
807.044021	-0.163010	-0.525253	-0.108673
807.059112	-0.181122	-0.597702	-0.126785
807.083375	-0.217346	-0.597702	-0.144897
807.106978	-0.307907	-0.833160	1.068619
807.134328	-0.289795	-0.833160	0.507141
807.160949	-0.307907	-0.724487	-0.144897
807.194703	-0.362244	-0.688263	0.144897
807.216577	-0.380356	-0.706375	0.597702
807.245202	-0.434692	-1.322189	-0.217346
807.264985	-0.507141	-1.503311	0.090561
807.294632	-0.742599	-1.430862	-0.163010
807.338957	-0.597702	-1.122955	-0.271683
807.378488	-0.507141	-1.032394	-0.253571
807.399898	-0.307907	-0.905609	-0.307907
807.426785	-0.271683	-0.851273	-0.326019
807.456586	-0.380356	-0.941833	-0.380356
807.490332	-0.398468	-0.959946	-0.416580
807.523651	-0.217346	-0.688263	-0.181122
807.547503	-0.289795	-0.452805	-0.090561
807.560962	-0.289795	-0.398468	-0.072449
807.615803	-0.289795	-0.434692	-0.054337
807.642739	-0.307907	-0.489029	-0.036224
807.672052	-0.307907	-0.489029	-0.036224
807.693992	-0.398468	-0.742599	0.072449
807.714633	-0.398468	-0.724487	0.072449
807.734724	-0.380356	-0.815048	0.072449
807.758708	-0.398468	-0.905609	0.054337
807.785118	-0.434692	-0.978058	0.036224
807.815911	-0.579590	-1.195404	0.036224
807.841268	-0.742599	-1.285965	0.054337
807.877909	-0.670151	-1.630096	-0.144897
807.898974	-0.307907	-0.923721	-0.217346
807.917357	-0.108673	-0.525253	-0.163010
807.935047	-0.235458	-0.796936	-0.163010
807.968570	-0.271683	-1.448975	-0.307907
807.993718	-0.054337	-1.122955	-0.434692
808.007019	-0.108673	-0.887497	-0.398468
808.026221	-0.126785	-0.724487	-0.416580
808.050207	-0.163010	-0.688263	-0.326019
808.064620	-0.181122	-0.670151	-0.235458
808.108704	-0.199234	-0.579590	-0.181122
808.140793	-0.181122	-0.543365	-0.181122
808.167509	-0.181122	-0.525253	-0.126785
808.194012	-0.163010	-0.525253	-0.108673
808.217143	-0.326019	-0.688263	-0.144897
808.234386	-0.398468	-0.724487	0.217346
808.248869	-0.362244	-0.796936	0.380356
808.266163	-0.307907	-0.815048	0.036224
808.280577	-0.362244	-0.887497	0.036224
808.296300	-0.380356	-0.959946	-0.108673
808.309326	-0.416580	-1.086731	-0.217346
808.345660	-0.398468	-1.195404	-0.199234
808.375865	-0.416580	-1.430862	0.108673
808.405982	-0.507141	-1.394638	0.181122
808.446001	-0.724487	-1.213516	0.271683
808.468365	-0.905609	-1.177292	-0.253571
808.485377	-0.380356	-0.978058	-0.434692
808.498486	-0.652039	-1.412750	-0.452805
808.511972	-0.633926	-1.430862	-0.489029
808.525241	-0.507141	-1.177292	-0.434692
808.547682	-0.434692	-1.050507	-0.416580
808.591993	-0.326019	-0.869385	-0.289795
808.629997	-0.289795	-0.815048	-0.253571
808.651316	-0.253571	-0.670151	-0.217346
808.678182	-0.253571	-0.579590	-0.181122
808.710626	-0.253571	-0.507141	-0.108673
808.729679	-0.289795	-0.470917	-0.108673
808.758500	-0.416580	-0.579590	-0.054337
808.780276	-0.452805	-0.688263	0.163010
808.796848	-0.489029	-0.706375	0.072449
808.813107	-0.416580	-0.851273	0.090561
808.874082	-0.434692	-0.887497	0.090561
808.900969	-0.452805	-1.014282	0.108673
808.930466	-0.543365	-1.159180	0.054337
808.959144	-0.615814	-1.213516	-0.036224
808.991938	-0.217346	-0.869385	-0.235458
809.024189	-0.144897	-0.561478	-0.163010
809.056506	-0.289795	-1.104843	-0.217346
809.090679	-0.289795	-1.539536	-0.398468
809.118052	-0.235458	-0.688263	-0.362244
809.147781	-0.253571	-0.615814	-0.362244
809.172970	-0.271683	-0.561478	-0.235458
809.201687	-0.253571	-0.543365	-0.181122
809.232230	-0.217346	-0.543365	-0.163010
809.256615	-0.217346	-0.833160	1.485199
809.282789	-0.235458	-0.633926	-0.199234
809.300032	-0.271683	-0.579590	0.108673
809.342302	-0.380356	-0.652039	0.181122
809.373220	-0.326019	-0.706375	0.000000
809.413645	-0.362244	-0.778824	0.072449
809.435529	-0.362244	-0.996170	-0.090561
809.458640	-0.398468	-1.032394	-0.163010
809.489785	-0.851273	-1.322189	-0.199234
809.519345	-0.452805	-1.122955	-0.271683
809.541954	-0.253571	-0.905609	-0.362244
809.562415	-0.525253	-1.032394	-0.380356
809.609445	-0.543365	-1.159180	-0.362244
809.641409	-0.507141	-1.104843	-0.398468
809.673219	-0.507141	-1.014282	-0.362244
809.700312	-0.452805	-0.941833	-0.380356
809.730078	-0.344131	-0.815048	-0.271683
809.759195	-0.253571	-0.489029	-0.018112
809.789751	-0.326019	-0.525253	-0.126785
809.812518	-0.380356	-0.670151	0.018112
809.862597	-0.398468	-0.652039	0.036224
809.885377	-0.434692	-0.670151	0.036224
809.908956	-0.489029	-0.670151	0.054337
809.932324	-0.470917	-0.706375	0.054337
809.950434	-0.670151	-1.249741	0.018112
809.964797	-0.778824	-1.304077	-0.036224
809.979410	-0.815048	-1.213516	0.072449
809.994638	-0.833160	-1.322189	0.072449
810.008001	-0.815048	-1.611984	-0.054337
810.025199	-0.615814	-1.575760	0.018112
810.037622	-0.398468	-1.213516	-0.253571
810.051151	-0.289795	-0.959946	-0.235458
810.108856	-0.108673	-0.633926	-0.144897
810.140395	-0.090561	-0.633926	-0.144897
810.151892	-0.072449	-1.104843	-0.416580
810.182463	-0.163010	-0.833160	-0.398468
810.212289	-0.199234	-0.796936	-0.434692
810.243208	-0.307907	-0.688263	-0.289795
810.275533	-0.271683	-0.633926	-0.181122
810.297757	-0.199234	-0.579590	-0.163010
810.310351	-0.271683	-0.597702	-0.054337
810.373725	-0.217346	-0.724487	0.525253
810.406463	-0.253571	-0.652039	0.072449
810.446890	-0.307907	-0.652039	0.036224
810.465147	-0.307907	-0.652039	0.470917
810.484736	-0.344131	-0.941833	-0.271683
810.501488	-0.434692	-1.213516	-0.144897
810.515511	-0.416580	-1.340302	-0.090561
810.527955	-0.507141	-1.467087	0.217346
810.542093	-0.615814	-1.358414	0.326019
810.562410	-0.796936	-1.122955	0.036224
810.607902	-0.887497	-1.159180	-0.144897
810.641794	-0.833160	-1.122955	-0.072449
810.673673	-0.597702	-1.068619	-0.090561
810.714303	-0.253571	-0.887497	-0.416580
810.734346	-0.235458	-0.869385	-0.489029
810.762184	-0.362244	-0.833160	-0.253571
810.792477	-0.307907	-0.706375	-0.144897
810.812797	-0.307907	-0.615814	-0.036224
810.853180	-0.271683	-0.507141	0.036224
810.875032	-0.253571	-0.489029	-0.018112
810.900689	-0.380356	-0.561478	0.018112
810.914919	-0.398468	-0.597702	0.018112
810.929857	-0.434692	-0.670151	0.072449
810.976391	-0.470917	-0.706375	0.072449
810.997061	-0.489029	-0.742599	0.054337
811.015686	-0.470917	-0.996170	0.054337
811.030103	-0.525253	-1.141068	0.036224
811.045011	-0.633926	-1.231628	0.018112
811.058889	-0.742599	-1.304077	-0.072449
811.092752	-0.688263	-1.267853	0.018112
811.124535	-0.670151	-1.195404	0.090561
811.157492	-0.760712	-1.467087	-0.036224
811.197348	-0.815048	-1.666321	-0.181122
811.219924	-0.326019	-1.267853	-0.126785
811.233285	-0.181122	-0.724487	-0.217346
811.246046	-0.072449	-1.485199	-0.344131
811.262735	-0.072449	-1.122955	-0.362244
811.274883	-0.090561	-0.978058	-0.380356
811.293732	-0.163010	-0.778824	-0.416580
811.341563	-0.181122	-0.706375	-0.307907
811.381188	-0.181122	-0.670151	-0.235458
811.399469	-0.217346	-0.615814	-0.199234
811.426867	-0.181122	-0.561478	-0.144897
811.457150	-0.144897	-0.543365	-0.126785
811.497683	-0.235458	-0.597702	-0.181122
811.512946	-0.271683	-0.543365	-0.072449
811.533899	-0.344131	-0.742599	0.054337
811.549027	-0.326019	-0.887497	0.018112
811.563777	-0.362244	-0.941833	-0.036224
811.610716	-0.398468	-1.014282	-0.199234
811.640788	-0.452805	-1.104843	-0.199234
811.668331	-0.452805	-1.467087	0.163010
811.694496	-0.489029	-1.611984	0.307907
811.731028	-0.163010	-0.941833	-0.289795
811.751685	-0.199234	-0.869385	-0.253571
811.784287	-0.615814	-0.959946	-0.271683
811.802540	-0.760712	-1.177292	-0.416580
811.843828	-0.543365	-1.050507	-0.380356
811.875538	-0.434692	-0.851273	-0.253571
811.908558	-0.362244	-0.796936	-0.199234
811.940932	-0.271683	-0.706375	-0.144897
811.982121	-0.199234	-0.452805	-0.108673
812.002096	-0.289795	-0.489029	-0.108673
812.019540	-0.362244	-0.597702	-0.054337
812.044336	-0.416580	-0.688263	0.018112
812.085476	-0.380356	-0.742599	0.054337
812.116962	-0.398468	-0.742599	0.018112
812.142140	-0.416580	-0.887497	0.036224
812.177747	-0.470917	-0.978058	0.090561
812.200631	-0.561478	-1.086731	0.072449
812.229618	-0.652039	-1.684433	-0.036224
812.260181	-0.398468	-1.104843	-0.235458
812.280818	-0.181122	-0.742599	-0.199234
812.297025	-0.217346	-1.068619	-0.235458
812.314020	-0.199234	-1.304077	-0.307907
812.360378	-0.126785	-1.285965	-0.416580
812.392088	-0.090561	-1.195404	-0.398468
812.423948	-0.036224	-0.941833	-0.561478
812.465287	-0.090561	-0.851273	-0.507141
812.487029	-0.108673	-0.706375	-0.452805
812.514295	-0.163010	-0.615814	-0.253571
812.538913	-0.144897	-0.652039	-0.126785
812.560864	-0.307907	-0.670151	-0.199234
812.607720	-0.344131	-0.507141	0.199234
812.648424	-0.452805	-0.543365	0.525253
812.669336	-0.470917	-0.615814	0.470917
812.696539	-0.307907	-0.688263	0.072449
812.726251	-0.398468	-1.285965	-0.054337
812.746715	-0.525253	-1.666321	0.326019
812.762351	-0.923721	-1.539536	-0.144897
812.780782	-0.760712	-1.195404	-0.235458
812.800882	-0.326019	-0.887497	-0.289795
812.859211	-0.217346	-0.833160	-0.326019
812.891590	-0.271683	-0.815048	-0.416580
812.932290	-0.380356	-0.923721	-0.416580
812.949297	-0.597702	-1.141068	-0.398468
812.977701	-0.380356	-0.724487	-0.217346
813.008330	-0.307907	-0.615814	-0.199234
813.032187	-0.289795	-0.470917	-0.126785
813.045582	-0.271683	-0.452805	-0.072449
813.064585	-0.253571	-0.489029	0.036224
813.081133	-0.289795	-0.507141	0.000000
813.115680	-0.362244	-0.543365	-0.090561
813.133073	-0.398468	-0.670151	0.054337
813.146343	-0.434692	-0.670151	0.090561
813.164349	-0.452805	-0.706375	0.072449
813.198618	-0.489029	-0.833160	0.036224
813.218284	-0.507141	-1.032394	0.108673
813.232771	-0.543365	-1.068619	0.108673
813.247095	-0.724487	-1.159180	0.036224
813.264390	-0.833160	-1.195404	0.018112
813.276857	-0.869385	-1.231628	0.018112
813.297753	-0.833160	-1.412750	0.126785
813.343682	-0.815048	-1.756882	-0.163010
813.375603	-0.452805	-1.467087	-0.126785
813.417128	-0.271683	-0.778824	-0.253571
813.442907	-0.181122	-0.543365	-0.199234
813.464308	-0.090561	-0.289795	-0.126785
813.483306	-0.163010	-0.851273	-0.434692
813.513744	-0.199234	-0.706375	-0.253571
813.534974	-0.163010	-0.615814	-0.144897
813.550408	-0.144897	-0.543365	-0.126785
813.563777	-0.144897	-0.507141	-0.090561
813.596244	-0.126785	-0.489029	-0.144897
813.626712	-0.163010	-0.470917	-0.144897
813.653416	-0.199234	-0.525253	-0.181122
813.682319	-0.235458	-0.525253	-0.181122
813.699765	-0.362244	-0.742599	1.014282
813.728422	-0.307907	-0.706375	0.126785
813.757516	-0.362244	-0.851273	-0.054337
813.781622	-0.489029	-1.122955	-0.181122
813.796767	-0.452805	-1.304077	-0.090561
813.808488	-0.507141	-1.358414	0.018112
813.847507	-0.688263	-1.322189	0.217346
813.876256	-0.760712	-1.249741	0.163010
813.907949	-0.833160	-1.304077	-0.090561
813.941545	-0.796936	-1.231628	-0.217346
813.982548	-0.670151	-1.213516	-0.452805
814.003394	-0.670151	-1.322189	-0.470917
814.024207	-0.434692	-0.996170	-0.398468
814.043909	-0.416580	-0.833160	-0.271683
814.086324	-0.380356	-0.688263	-0.253571
814.117644	-0.344131	-0.579590	-0.199234
814.145991	-0.289795	-0.507141	-0.181122
814.176592	-0.271683	-0.452805	-0.181122
814.203257	-0.253571	-0.434692	-0.181122
814.231285	-0.416580	-0.652039	-0.054337
814.259745	-0.470917	-0.742599	0.126785
814.299349	-0.489029	-0.760712	0.090561
814.313525	-0.561478	-0.833160	0.018112
814.346636	-0.579590	-1.195404	0.036224
814.376571	-0.688263	-1.285965	0.000000
814.408407	-0.742599	-1.322189	0.036224
814.450668	-0.815048	-1.322189	0.036224
814.464511	-0.905609	-1.448975	-0.090561
814.490899	-0.181122	-0.796936	-0.144897
814.519387	-0.235458	-1.448975	-0.416580
814.543146	-0.108673	-1.376526	-0.470917
814.562090	-0.090561	-0.869385	-0.470917
814.604497	-0.126785	-0.742599	-0.362244
814.633198	-0.181122	-0.706375	-0.344131
814.659839	-0.235458	-0.706375	-0.271683
814.685547	-0.253571	-0.670151	-0.253571
814.716008	-0.235458	-0.633926	-0.144897
814.746799	-0.271683	-0.652039	0.144897
814.767999	-0.380356	-0.633926	0.434692
814.787678	-0.289795	-0.706375	0.090561
814.801997	-0.253571	-0.706375	0.036224
814.843472	-0.235458	-0.724487	0.144897
814.876241	-0.380356	-0.815048	0.036224
814.908125	-0.452805	-0.905609	-0.054337
814.948371	-0.525253	-1.014282	-0.144897
814.970275	-0.507141	-1.159180	-0.108673
814.991109	-0.525253	-1.122955	-0.253571
815.003575	-0.253571	-0.833160	-0.398468
815.017928	-0.344131	-0.796936	-0.398468
815.033668	-0.470917	-0.869385	-0.398468
815.048049	-0.561478	-1.122955	-0.398468
815.061181	-0.525253	-1.177292	-0.416580
815.095618	-0.543365	-1.213516	-0.434692
815.127299	-0.507141	-1.068619	-0.434692
815.154066	-0.452805	-0.996170	-0.380356
815.182940	-0.344131	-0.887497	-0.271683
815.194538	-0.326019	-0.833160	-0.235458
815.206173	-0.380356	-0.452805	-0.163010
815.219534	-0.380356	-0.470917	-0.090561
815.233999	-0.380356	-0.452805	-0.036224
815.248316	-0.326019	-0.525253	-0.036224
815.266995	-0.326019	-0.525253	-0.054337
815.297028	-0.380356	-0.615814	-0.108673
815.310761	-0.398468	-0.742599	0.018112
815.360482	-0.416580	-0.760712	0.072449
815.393359	-0.470917	-0.724487	0.090561
815.425139	-0.452805	-0.724487	0.072449
815.451697	-0.452805	-0.724487	0.036224
815.463593	-0.706375	-1.159180	-0.018112
815.498862	-0.778824	-1.213516	-0.054337
815.512499	-0.815048	-1.322189	-0.054337
815.536131	-0.271683	-0.796936	-0.199234
815.550493	-0.181122	-0.688263	-0.181122
815.593976	-0.126785	-0.670151	-0.163010
815.612298	-0.271683	-1.430862	-0.398468
815.636855	-0.108673	-1.086731	-0.470917
815.651232	-0.072449	-0.941833	-0.489029
815.665736	-0.126785	-0.778824	-0.434692
815.680890	-0.144897	-0.724487	-0.398468
815.726542	-0.217346	-0.633926	-0.307907
815.767415	-0.235458	-0.597702	-0.271683
815.788162	-0.217346	-0.543365	-0.163010
815.814970	-0.199234	-0.561478	-0.163010
815.841432	-0.181122	-0.525253	-0.181122
815.869643	-0.181122	-0.543365	-0.163010
815.896738	-0.181122	-0.525253	-0.163010
815.917169	-0.235458	-0.561478	-0.018112
815.944642	-0.235458	-0.778824	1.285965
815.969743	-0.489029	-1.032394	-0.108673
816.000625	-0.470917	-1.412750	0.036224
816.030732	-0.652039	-1.376526	0.362244
816.060957	-0.815048	-1.231628	-0.181122
816.094234	-0.525253	-1.195404	-0.253571
816.127409	-0.253571	-0.996170	-0.398468
816.158994	-0.181122	-0.923721	-0.398468
816.185065	-0.199234	-0.796936	-0.362244
816.203357	-0.307907	-0.833160	-0.344131
816.233570	-0.507141	-0.996170	-0.416580
816.261989	-0.380356	-0.815048	-0.253571
816.280808	-0.271683	-0.688263	-0.163010
816.299019	-0.253571	-0.525253	-0.072449
816.335275	-0.253571	-0.507141	-0.036224
816.335556	-0.271683	-0.489029	-0.036224
816.360285	-0.289795	-0.470917	-0.054337
816.385459	-0.326019	-0.525253	-0.072449
816.399863	-0.344131	-0.615814	0.000000
816.415447	-0.362244	-0.652039	0.054337
816.428596	-0.380356	-0.633926	0.018112
816.461786	-0.398468	-0.615814	0.036224
816.486144	-0.452805	-0.742599	0.090561
816.500656	-0.507141	-0.905609	0.090561
816.516121	-0.525253	-0.978058	0.072449
816.529357	-0.579590	-1.104843	0.036224
816.548937	-0.633926	-1.177292	0.036224
816.592277	-0.724487	-1.213516	0.000000
816.620067	-0.742599	-1.213516	0.108673
816.646891	-0.778824	-1.412750	0.054337
816.676544	-0.851273	-1.611984	-0.090561
816.712999	-0.470917	-1.575760	-0.072449
816.745450	-0.380356	-1.358414	-0.181122
816.763269	-0.108673	-0.633926	-0.181122
816.781140	-0.072449	-0.869385	-0.543365
816.802725	-0.199234	-0.742599	-0.344131
816.833774	-0.217346	-0.652039	-0.235458
816.865043	-0.253571	-0.670151	-0.199234
816.895598	-0.253571	-0.633926	-0.144897
816.926294	-0.235458	-0.597702	-0.163010
816.954299	-0.181122	-0.615814	-0.181122
816.985160	-0.362244	-0.543365	0.271683
817.013881	-0.253571	-0.615814	0.181122
817.034437	-0.253571	-0.760712	0.090561
817.048990	-0.398468	-0.815048	0.018112
817.103408	-0.398468	-0.833160	-0.090561
817.123601	-0.380356	-1.285965	0.108673
817.135372	-0.706375	-1.467087	0.108673
817.149730	-0.887497	-1.412750	-0.054337
817.165635	-0.778824	-1.394638	-0.344131
817.178536	-0.633926	-1.340302	-0.289795
817.205140	-0.507141	-1.249741	-0.289795
817.218405	-0.307907	-1.086731	-0.326019
817.236083	-0.326019	-0.978058	-0.235458
817.250631	-0.398468	-0.978058	-0.217346
817.264859	-0.507141	-0.959946	-0.235458
817.280141	-0.597702	-0.996170	-0.307907
817.293689	-0.724487	-0.996170	-0.380356
817.312472	-0.724487	-0.996170	-0.398468
817.337801	-0.597702	-0.941833	-0.434692
817.365535	-0.597702	-0.887497	-0.380356
817.387863	-0.489029	-0.851273	-0.307907
817.417259	-0.326019	-0.815048	-0.235458
817.445508	-0.271683	-0.760712	-0.217346
817.476052	-0.253571	-0.452805	-0.090561
817.516109	-0.271683	-0.543365	-0.072449
817.531158	-0.344131	-0.561478	-0.090561
817.552835	-0.452805	-0.688263	0.054337
817.593877	-0.452805	-0.688263	0.090561
817.617984	-0.452805	-0.778824	-0.036224
817.633489	-0.470917	-0.978058	0.036224
817.661174	-0.507141	-1.104843	0.036224
817.686169	-0.633926	-1.195404	-0.036224
817.715465	-0.706375	-1.195404	-0.036224
817.734286	-0.724487	-1.611984	0.036224
817.754346	-0.326019	-0.959946	-0.235458
817.768720	-0.181122	-0.796936	-0.217346
817.783174	-0.054337	-0.615814	-0.163010
817.798652	-0.090561	-0.724487	-0.163010
817.812042	-0.199234	-1.195404	-0.253571
817.850118	-0.253571	-1.358414	-0.307907
817.878825	-0.163010	-1.304077	-0.525253
817.910671	-0.072449	-1.122955	-0.579590
817.949578	-0.072449	-0.833160	-0.470917
817.970408	-0.181122	-0.597702	-0.144897
817.984774	-0.181122	-0.561478	-0.181122
817.999133	-0.289795	-0.597702	0.470917
818.014875	-0.289795	-0.760712	1.122955
818.029988	-0.307907	-0.706375	0.253571
818.043079	-0.217346	-0.597702	-0.217346
818.062299	-0.253571	-0.525253	-0.054337
818.111226	-0.289795	-0.579590	0.380356
818.144894	-0.289795	-0.652039	0.235458
818.170805	-0.235458	-0.724487	0.000000
818.200989	-0.271683	-0.760712	0.054337
818.230517	-0.489029	-1.322189	0.108673
818.261129	-0.851273	-1.304077	0.000000
818.293369	-0.742599	-1.322189	-0.307907
818.333612	-0.326019	-1.014282	-0.344131
818.354725	-0.326019	-0.959946	-0.271683
818.374801	-0.507141	-1.032394	-0.289795
818.387799	-0.670151	-1.032394	-0.380356
818.402197	-0.670151	-1.032394	-0.362244
818.417031	-0.633926	-0.996170	-0.380356
818.431028	-0.561478	-0.978058	-0.362244
818.465991	-0.470917	-0.905609	-0.344131
818.485477	-0.271683	-0.724487	-0.217346
818.503044	-0.199234	-0.561478	-0.181122
818.517952	-0.235458	-0.489029	-0.144897
818.531852	-0.217346	-0.452805	-0.126785
818.549302	-0.235458	-0.434692	-0.126785
818.598401	-0.289795	-0.507141	-0.018112
818.619695	-0.289795	-0.543365	-0.036224
818.650704	-0.326019	-0.597702	-0.036224
818.667785	-0.398468	-0.706375	-0.090561
818.695795	-0.434692	-0.670151	-0.072449
818.727177	-0.507141	-0.851273	0.018112
818.767408	-0.688263	-1.231628	0.036224
818.783348	-0.778824	-1.231628	0.054337
818.795624	-0.778824	-1.213516	0.090561
818.820394	-0.760712	-1.557648	-0.108673
818.848037	-0.416580	-1.267853	-0.090561
818.879614	-0.344131	-1.086731	-0.217346
818.911793	-0.271683	-0.869385	-0.217346
818.938379	-0.144897	-0.706375	-0.181122
818.967597	-0.126785	-0.742599	-0.181122
818.998597	-0.018112	-0.760712	-0.489029
819.012905	-0.072449	-0.706375	-0.416580
819.035591	-0.163010	-0.633926	-0.126785
819.050013	-0.144897	-0.633926	-0.126785
819.080328	-0.163010	-0.597702	-0.144897
819.114538	-0.217346	-0.597702	-0.181122
819.136366	-0.307907	-0.633926	-0.144897
819.150780	-0.271683	-0.525253	-0.199234
819.166733	-0.380356	-0.525253	0.543365
819.179548	-0.307907	-0.615814	0.434692
819.211455	-0.199234	-0.615814	0.018112
819.237940	-0.181122	-0.652039	-0.036224
819.267765	-0.217346	-0.724487	0.072449
819.296507	-0.289795	-0.796936	0.108673
819.328706	-0.416580	-0.941833	0.018112
819.361308	-0.543365	-1.485199	0.398468
819.394098	-0.688263	-1.213516	-0.362244
819.405841	-0.525253	-1.177292	-0.380356
819.425073	-0.181122	-0.978058	-0.489029
819.438696	-0.199234	-0.959946	-0.416580
819.500628	-0.398468	-1.068619	-0.380356
819.521994	-0.525253	-1.195404	-0.380356
819.546274	-0.507141	-1.285965	-0.362244
819.583199	-0.525253	-1.141068	-0.380356
819.603532	-0.489029	-0.887497	-0.416580
819.633328	-0.253571	-0.507141	-0.036224
819.652788	-0.271683	-0.525253	-0.072449
819.669057	-0.326019	-0.597702	-0.108673
819.685335	-0.326019	-0.615814	-0.108673
819.730429	-0.326019	-0.615814	-0.090561
819.751222	-0.326019	-0.688263	-0.054337
819.767428	-0.326019	-0.688263	-0.036224
819.787340	-0.307907	-0.724487	0.000000
819.814962	-0.326019	-0.724487	0.036224
819.837942	-0.344131	-0.724487	0.072449
819.864105	-0.344131	-0.778824	0.072449
819.882150	-0.416580	-0.851273	0.072449
819.903374	-0.452805	-0.887497	0.036224
819.932501	-0.470917	-0.978058	0.054337
819.961479	-0.525253	-1.086731	0.054337
819.989188	-0.307907	-1.177292	-0.144897
820.018414	-0.144897	-0.579590	-0.144897
820.035622	-0.253571	-0.941833	-0.271683
820.059995	-0.181122	-1.430862	-0.670151
820.096429	-0.126785	-1.340302	-0.742599
820.127792	-0.126785	-1.141068	-0.615814
820.155140	-0.199234	-0.815048	-0.380356
820.184813	-0.217346	-0.778824	-0.326019
820.214141	-0.271683	-0.724487	-0.235458
820.235115	-0.434692	-0.724487	0.869385
820.249179	-0.217346	-0.579590	-0.326019
820.266485	-0.307907	-0.470917	0.307907
820.288104	-0.199234	-0.597702	0.018112
820.302490	-0.144897	-0.652039	-0.108673
820.334027	-0.181122	-0.724487	0.036224
820.362936	-0.235458	-0.724487	0.144897
820.389550	-0.271683	-0.706375	0.018112
820.419348	-0.344131	-0.724487	-0.036224
820.448214	-0.380356	-0.742599	-0.054337
820.479258	-0.434692	-1.467087	0.163010
820.498778	-0.724487	-1.412750	0.235458
820.518275	-0.706375	-1.322189	-0.235458
820.535989	-0.507141	-1.141068	-0.253571
820.579780	-0.271683	-0.851273	-0.362244
820.612273	-0.380356	-1.050507	-0.416580
820.634997	-0.452805	-1.086731	-0.507141
820.647996	-0.434692	-1.014282	-0.489029
820.667245	-0.416580	-0.959946	-0.452805
820.712424	-0.307907	-0.959946	-0.380356
820.739695	-0.235458	-0.833160	-0.271683
820.769168	-0.235458	-0.760712	-0.235458
820.798931	-0.235458	-0.597702	-0.163010
820.817834	-0.235458	-0.579590	-0.181122
820.846082	-0.271683	-0.579590	0.163010
820.865752	-0.326019	-0.561478	0.018112
820.884299	-0.398468	-0.652039	-0.054337
820.897528	-0.434692	-0.670151	0.163010
820.921581	-0.416580	-0.724487	0.181122
820.936089	-0.452805	-0.742599	0.036224
820.960510	-0.434692	-0.778824	0.054337
820.984312	-0.416580	-0.923721	0.090561
821.015649	-0.434692	-0.996170	0.090561
821.046401	-0.615814	-1.195404	0.000000
821.069249	-0.670151	-1.249741	0.018112
821.097034	-0.706375	-1.630096	-0.163010
821.128974	-0.235458	-1.032394	-0.217346
821.160981	-0.108673	-0.434692	-0.126785
821.184356	-0.199234	-1.503311	-0.452805
821.236019	-0.072449	-1.485199	-0.525253
821.256849	-0.018112	-1.322189	-0.561478
821.283874	-0.072449	-0.869385	-0.416580
821.314250	-0.090561	-0.742599	-0.380356
821.346175	-0.181122	-0.688263	-0.235458
821.378648	-0.344131	-0.597702	0.434692
821.412373	-0.199234	-0.543365	-0.108673
821.434418	-0.235458	-0.633926	0.434692
821.480493	-0.126785	-0.688263	0.090561
821.502061	-0.271683	-0.742599	0.090561
821.517046	-0.416580	-0.851273	-0.054337
821.534516	-0.489029	-0.923721	-0.036224
821.555009	-0.416580	-1.340302	0.000000
821.603861	-0.434692	-1.448975	0.126785
821.632015	-0.507141	-1.394638	0.181122
821.661732	-0.742599	-1.213516	0.199234
821.703254	-0.869385	-1.213516	0.000000
821.720828	-0.543365	-0.941833	-0.416580
821.754798	-0.670151	-1.177292	-0.434692
821.783964	-0.633926	-1.195404	-0.489029
821.802875	-0.543365	-1.032394	-0.434692
821.846088	-0.271683	-0.670151	-0.217346
821.877877	-0.289795	-0.633926	-0.181122
821.917776	-0.289795	-0.543365	-0.181122
821.932780	-0.307907	-0.525253	-0.163010
821.964761	-0.326019	-0.470917	-0.181122
821.987389	-0.344131	-0.398468	-0.199234
822.005969	-0.380356	-0.760712	-0.018112
822.032473	-0.380356	-0.796936	0.126785
822.044376	-0.398468	-0.778824	0.054337
822.067000	-0.452805	-0.923721	-0.054337
822.087633	-0.579590	-1.159180	-0.072449
822.102468	-0.633926	-1.159180	-0.072449
822.116360	-0.724487	-1.177292	0.000000
822.134116	-0.706375	-1.159180	0.054337
822.146594	-0.760712	-1.340302	-0.090561
822.167909	-0.869385	-1.521423	-0.163010
822.188334	-0.452805	-1.467087	-0.126785
822.246147	-0.344131	-1.177292	-0.199234
822.279223	-0.126785	-0.633926	-0.181122
822.319859	-0.090561	-0.525253	-0.126785
822.340822	0.018112	-0.796936	-0.470917
822.358807	-0.054337	-0.652039	-0.362244
822.382043	-0.163010	-0.579590	-0.235458
822.404586	-0.126785	-0.579590	-0.181122
822.419372	-0.126785	-0.633926	-0.163010
822.433228	-0.126785	-0.615814	-0.181122
822.489322	-0.163010	-0.597702	-0.163010
822.520845	-0.144897	-0.615814	-0.144897
822.549042	-0.253571	-0.670151	0.380356
822.579116	-0.307907	-0.742599	1.104843
822.611631	-0.289795	-0.869385	0.199234
822.653224	-0.416580	-1.032394	-0.163010
822.667231	-0.416580	-1.394638	0.199234
822.680647	-0.543365	-1.485199	0.253571
822.732448	-0.778824	-1.394638	0.253571
822.751534	-0.796936	-1.394638	-0.090561
822.773369	-0.815048	-1.394638	-0.326019
822.799060	-0.652039	-1.159180	-0.271683
822.828733	-0.507141	-1.086731	-0.217346
822.857867	-0.615814	-1.050507	-0.380356
822.881460	-0.670151	-1.068619	-0.452805
822.898739	-0.434692	-0.923721	-0.362244
822.922656	-0.344131	-0.724487	-0.235458
822.937154	-0.326019	-0.688263	-0.199234
822.981123	-0.326019	-0.579590	-0.163010
823.006911	-0.307907	-0.507141	-0.181122
823.038213	-0.289795	-0.452805	-0.126785
823.066432	-0.289795	-0.452805	-0.108673
823.087915	-0.362244	-0.652039	0.036224
823.115348	-0.362244	-0.706375	0.072449
823.139294	-0.398468	-0.706375	0.018112
823.157573	-0.470917	-0.851273	0.036224
823.182640	-0.561478	-0.996170	-0.018112
823.221544	-0.561478	-1.068619	-0.054337
823.247084	-0.688263	-1.177292	-0.072449
823.280917	-0.742599	-1.213516	-0.072449
823.302070	-0.760712	-1.213516	-0.018112
823.324120	-0.815048	-1.285965	-0.018112
823.348083	-0.670151	-1.557648	-0.090561
823.364480	-0.108673	-0.670151	-0.108673
823.384642	-0.289795	-1.285965	-0.344131
823.397735	-0.163010	-1.412750	-0.416580
823.415681	-0.090561	-1.304077	-0.452805
823.427097	-0.090561	-1.141068	-0.489029
823.465869	-0.036224	-0.851273	-0.543365
823.495650	-0.108673	-0.760712	-0.489029
823.537134	-0.199234	-0.615814	-0.344131
823.563672	-0.253571	-0.615814	-0.289795
823.581075	-0.217346	-0.633926	-0.235458
823.607836	-0.235458	-0.561478	-0.126785
823.630204	-0.344131	-0.670151	0.144897
823.648480	-0.398468	-0.525253	0.362244
823.671243	-0.380356	-0.561478	0.126785
823.686272	-0.344131	-0.579590	0.090561
823.731933	-0.380356	-0.851273	0.108673
823.764536	-0.470917	-0.941833	0.108673
823.790975	-0.452805	-1.050507	-0.181122
823.820596	-0.434692	-1.014282	-0.253571
823.848347	-0.833160	-1.394638	-0.307907
823.880207	-0.489029	-0.905609	-0.253571
823.903055	-0.271683	-0.923721	-0.380356
823.916040	-0.452805	-1.086731	-0.398468
823.935441	-0.561478	-1.213516	-0.434692
823.979052	-0.579590	-1.213516	-0.470917
824.005346	-0.579590	-1.104843	-0.470917
824.024418	-0.561478	-1.014282	-0.452805
824.052834	-0.579590	-0.941833	-0.416580
824.081502	-0.543365	-0.959946	-0.398468
824.111931	-0.253571	-0.489029	-0.144897
824.152407	-0.307907	-0.489029	-0.090561
824.168302	-0.326019	-0.543365	-0.054337
824.189398	-0.380356	-0.688263	-0.090561
824.224527	-0.380356	-0.688263	-0.018112
824.249496	-0.380356	-0.688263	0.054337
824.267472	-0.380356	-0.670151	0.072449
824.282751	-0.398468	-0.688263	0.036224
824.314947	-0.434692	-0.670151	0.018112
824.339468	-0.452805	-0.778824	-0.054337
824.367142	-0.489029	-0.833160	-0.054337
824.397901	-0.543365	-1.014282	0.090561
824.421060	-0.579590	-1.104843	0.090561
824.442003	-0.670151	-1.159180	0.054337
824.469868	-0.652039	-1.159180	0.090561
824.498374	-0.525253	-1.865555	-0.163010
824.521851	-0.235458	-1.104843	-0.217346
824.550947	-0.018112	-1.485199	-0.561478
824.582354	-0.108673	-0.833160	-0.470917
824.614488	-0.163010	-0.724487	-0.253571
824.646481	-0.181122	-0.706375	-0.108673
824.680233	-0.144897	-0.597702	-0.090561
824.712370	-0.271683	-0.706375	1.195404
824.753053	-0.289795	-0.688263	0.470917
824.774074	-0.199234	-0.507141	-0.199234
824.802105	-0.289795	-0.470917	0.181122
824.821445	-0.307907	-0.579590	0.380356
824.837127	-0.326019	-0.887497	-0.090561
824.853372	-0.489029	-0.851273	-0.090561
824.865890	-0.525253	-0.905609	0.018112
824.885021	-0.434692	-1.122955	0.036224
824.916635	-0.597702	-1.322189	0.181122
824.937821	-0.851273	-1.285965	-0.072449
825.002706	-0.670151	-1.448975	-0.398468
825.024860	-0.525253	-1.376526	-0.380356
825.050668	-0.271683	-1.104843	-0.362244
825.083007	-0.235458	-0.959946	-0.344131
825.115522	-0.507141	-0.996170	-0.452805
825.147630	-0.380356	-0.887497	-0.307907
825.170258	-0.199234	-0.561478	-0.163010
825.182577	-0.199234	-0.525253	-0.144897
825.238636	-0.199234	-0.470917	-0.163010
825.265469	-0.217346	-0.398468	-0.144897
825.303452	-0.235458	-0.416580	-0.126785
825.323665	-0.289795	-0.489029	-0.090561
825.352028	-0.416580	-0.688263	-0.072449
825.371322	-0.434692	-0.760712	0.018112
825.384069	-0.470917	-0.941833	0.018112
825.401716	-0.543365	-1.195404	0.018112
825.435820	-0.706375	-1.304077	0.018112
825.468315	-0.742599	-1.213516	0.054337
825.487914	-0.724487	-1.141068	0.108673
825.517059	-0.742599	-1.285965	0.018112
825.547443	-0.742599	-1.448975	-0.090561
825.573584	-0.525253	-1.575760	-0.036224
825.604834	-0.235458	-1.086731	-0.253571
825.634911	-0.144897	-1.467087	-0.398468
825.654466	0.018112	-1.104843	-0.597702
825.671937	-0.108673	-0.778824	-0.416580
825.687083	-0.199234	-0.724487	-0.271683
825.730234	-0.199234	-0.724487	-0.199234
825.752769	-0.144897	-0.615814	-0.126785
825.773486	-0.163010	-0.633926	-0.163010
825.802353	-0.163010	-0.597702	-0.144897
825.834674	-0.163010	-0.633926	-0.163010
825.853086	-0.253571	-0.742599	1.249741
825.881409	-0.271683	-0.597702	0.470917
825.920386	-0.126785	-0.724487	-0.072449
825.935032	-0.163010	-0.778824	0.108673
825.968355	-0.344131	-0.815048	-0.181122
825.998174	-0.416580	-0.815048	-0.163010
826.024841	-0.470917	-1.050507	-0.090561
826.054400	-0.398468	-1.249741	0.018112
826.082586	-0.597702	-1.539536	0.181122
826.113873	-0.362244	-0.978058	-0.326019
826.135570	-0.380356	-0.996170	-0.398468
826.147348	-0.489029	-1.104843	-0.398468
826.169518	-0.561478	-1.195404	-0.398468
826.208433	-0.489029	-1.231628	-0.416580
826.237250	-0.543365	-0.996170	-0.398468
826.255059	-0.380356	-0.851273	-0.289795
826.284281	-0.253571	-0.724487	-0.217346
826.305301	-0.217346	-0.525253	-0.163010
826.333987	-0.253571	-0.507141	-0.163010
826.352891	-0.307907	-0.543365	-0.090561
826.369344	-0.326019	-0.597702	-0.090561
826.391621	-0.380356	-0.615814	-0.072449
826.406006	-0.416580	-0.652039	-0.054337
826.420601	-0.452805	-0.670151	-0.072449
826.436286	-0.434692	-0.724487	-0.018112
826.484097	-0.416580	-0.706375	-0.054337
826.514147	-0.434692	-0.724487	0.036224
826.553786	-0.452805	-0.778824	-0.181122
826.575008	-0.452805	-0.941833	0.072449
826.598919	-0.724487	-0.996170	0.235458
826.625769	-0.670151	-1.575760	0.090561
826.647961	-0.235458	-1.322189	-0.199234
826.667169	-0.235458	-0.652039	-0.199234
826.679550	-0.217346	-0.543365	-0.217346
826.716717	-0.253571	-0.706375	-0.253571
826.747154	-0.235458	-0.923721	-0.235458
826.786780	-0.271683	-1.322189	-0.416580
826.807847	-0.307907	-1.304077	-0.543365
826.835495	-0.181122	-1.195404	-0.416580
826.871437	-0.271683	-0.760712	0.181122
826.890106	-0.163010	-0.579590	0.126785
826.903207	-0.199234	-0.579590	0.054337
826.922790	-0.217346	-0.615814	0.108673
826.938738	-0.199234	-0.815048	0.181122
826.998241	-0.235458	-0.778824	0.108673
827.029710	-0.217346	-0.742599	0.036224
827.059497	-0.199234	-0.706375	-0.018112
827.090896	-0.217346	-0.724487	-0.018112
827.116794	-0.344131	-0.978058	-0.018112
827.141740	-0.344131	-1.104843	0.126785
827.167608	-0.507141	-1.050507	0.271683
827.184704	-0.706375	-1.050507	0.380356
827.219615	-0.706375	-1.141068	0.072449
827.242426	-0.633926	-0.959946	0.018112
827.270997	-0.434692	-1.104843	-0.344131
827.300577	-0.434692	-1.104843	-0.362244
827.321361	-0.398468	-0.996170	-0.362244
827.337849	-0.398468	-0.815048	-0.307907
827.366566	-0.470917	-1.141068	-0.199234
827.389014	-0.452805	-1.068619	-0.163010
827.407996	-0.416580	-0.887497	-0.307907
827.421249	-0.416580	-0.851273	-0.271683
827.435753	-0.380356	-0.724487	-0.181122
827.480742	-0.398468	-0.670151	-0.090561
827.521168	-0.380356	-0.561478	-0.036224
827.542044	-0.362244	-0.579590	0.018112
827.568765	-0.362244	-0.706375	0.126785
827.603371	-0.416580	-0.652039	-0.199234
827.623279	-0.362244	-0.778824	-0.144897
827.641793	-0.561478	-0.815048	0.054337
827.658648	-0.615814	-0.815048	0.036224
827.673166	-0.615814	-0.833160	0.072449
827.687395	-0.561478	-0.851273	0.036224
827.717451	-0.525253	-0.851273	0.000000
827.741928	-0.525253	-0.778824	-0.018112
827.768194	-0.507141	-0.760712	0.036224
827.803585	-0.543365	-0.851273	0.054337
827.823867	-0.525253	-0.978058	0.054337
827.850221	-0.307907	-1.231628	-0.090561
827.868911	-0.235458	-0.742599	-0.054337
827.888996	-0.235458	-0.760712	-0.217346
827.904289	-0.217346	-0.833160	-0.271683
827.920769	-0.253571	-0.887497	-0.289795
827.932252	-0.271683	-0.978058	-0.271683
827.971252	-0.235458	-1.050507	-0.163010
827.999447	-0.253571	-1.050507	-0.144897
828.026134	-0.326019	-1.068619	-0.144897
828.051561	-0.326019	-1.032394	-0.108673
828.073532	-0.199234	-0.941833	0.054337
828.106468	-0.326019	-0.398468	-0.108673
828.138179	-0.271683	-0.978058	0.126785
828.158761	-0.217346	-0.887497	-0.054337
828.185844	-0.235458	-0.815048	0.018112
828.233215	-0.253571	-0.833160	0.054337
828.267126	-0.307907	-0.760712	0.054337
828.296558	-0.235458	-0.815048	0.018112
828.325785	-0.217346	-0.941833	-0.090561
828.371138	-0.489029	-0.869385	0.108673
828.390734	-0.199234	-0.959946	-0.090561
828.407490	-0.217346	-0.959946	-0.144897
828.421924	-0.199234	-0.996170	-0.126785
828.437681	-0.163010	-0.978058	-0.126785
828.475653	-0.126785	-0.996170	-0.144897
828.503213	-0.126785	-1.014282	-0.108673
828.533166	-0.253571	-0.978058	-0.090561
828.556320	-0.326019	-1.014282	-0.054337
828.584182	-0.362244	-1.050507	-0.036224
828.615094	-0.144897	-1.285965	0.054337
828.639284	-0.362244	-1.104843	-0.108673
828.652244	-0.289795	-1.122955	-0.199234
828.670571	-0.235458	-1.141068	-0.181122
828.716167	0.054337	-1.086731	-0.235458
828.747844	0.108673	-1.104843	-0.199234
828.787611	0.072449	-1.122955	-0.126785
828.808806	-0.072449	-1.086731	-0.090561
828.836092	-0.144897	-1.050507	-0.144897
828.867909	0.344131	-0.887497	-0.380356
828.889324	0.108673	-0.652039	-0.235458
828.920147	0.090561	-0.561478	-0.253571
828.954646	-0.036224	-0.489029	-0.144897
828.998086	0.126785	-0.434692	-0.271683
829.022086	0.434692	-0.362244	-0.688263
829.041683	0.380356	-0.326019	-0.742599
829.055186	0.018112	-0.253571	-0.778824
829.103557	0.018112	-0.163010	-0.978058
829.127171	0.235458	-0.235458	-1.177292
829.141561	0.199234	-0.271683	-1.122955
829.155934	0.090561	-0.235458	-1.141068
829.170388	0.090561	-0.253571	-1.068619
829.185437	0.163010	-0.307907	-1.032394
829.235944	0.380356	-0.470917	-0.978058
829.257967	0.380356	-0.489029	-0.996170
829.280745	0.452805	-0.507141	-0.996170
829.302959	0.416580	-0.470917	-0.959946
829.323567	0.271683	-0.398468	-0.941833
829.353363	-0.018112	-0.380356	-0.815048
829.372125	0.235458	-0.344131	-0.706375
829.386135	0.217346	-0.380356	-0.905609
829.403442	0.199234	-0.362244	-1.014282
829.414911	0.181122	-0.326019	-1.104843
829.437462	0.181122	-0.344131	-1.032394
829.483665	0.126785	-0.380356	-0.941833
829.507646	0.090561	-0.416580	-0.905609
829.536658	0.126785	-0.398468	-0.996170
829.566934	0.181122	-0.452805	-1.122955
829.599395	-0.090561	-0.398468	-1.050507
829.621021	-0.072449	-0.344131	-0.923721
829.653945	0.018112	-0.307907	-0.561478
829.674660	0.054337	-0.489029	-1.050507
829.689715	0.072449	-0.507141	-1.086731
829.723550	0.054337	-0.452805	-1.141068
829.738619	0.018112	-0.344131	-0.996170
829.760315	0.000000	-0.398468	-0.996170
829.774741	0.018112	-0.344131	-0.959946
829.789088	0.000000	-0.362244	-0.996170
829.806993	-0.054337	-0.380356	-1.032394
829.852290	-0.036224	-0.380356	-0.978058
829.880920	0.054337	-0.434692	-0.923721
829.909931	-0.126785	-0.380356	-0.796936
829.939680	-0.163010	-0.362244	-0.869385
829.967536	0.000000	-0.362244	-1.050507